2 # number of bones
jnt_001
-1
0.0 0.0 0.0
1.0 0.0 0.0 0.0 0.0 0.0 -1.0 0.0 0.0 1.0 0.0 0.0 0.0 0.0 0.0 1.0
jnt_002
0
0.0 0.0 1.0
0.0 -0.9999999403953552 0.0 0.0 1.0 0.0 4.371138828673793e-08 0.0 -4.371138828673793e-08 0.0 1.0 0.0 0.0 0.0 0.0 1.0
1 # number of animations
anim_001
1 # number of keyframed bones
jnt_001
7 # number of keys
1
0.0 0.0 0.0
1.0 0.0 0.0 0.0
1.0 1.0 1.0
5
0.0 0.0 0.0
0.8766017556190491 0.0 -0.4812166690826416 0.0
1.0 1.0 1.0
10
0.0 0.0 0.0
0.5422322154045105 0.0 -0.8402287364006042 0.0
1.0 1.0 1.0
15
0.0 0.0 0.0
-0.0023376643657684326 0.0 -0.9999973773956299 0.0
1.0 1.0 1.0
20
0.0 0.0 0.0
-0.40094202756881714 0.0 -0.9161035418510437 0.0
1.0 1.0 1.0
25
0.0 0.0 0.0
-0.9719438552856445 0.0 -0.23521369695663452 0.0
1.0 1.0 1.0
30
0.0 0.0 0.0
1.0 0.0 0.0 0.0
1.0 1.0 1.0
1 # number of meshes
Default
4 # number of vertices
1 # number of UV channels
0 # number of color channels
1 # number of textures
Texture
0
default.bmp
0.0000 -0.0000 1.0000
0.0000 0.0000 1.0000
1.0000 1.0000
0 1 0 0
0.5000 0.5000 0.0000 0.0000
-1.0000 -0.0000 1.0000
0.0000 0.0000 1.0000
0.0000 1.0000
1 0 0 0
1.0000 0.0000 0.0000 0.0000
-1.0000 0.0000 0.0000
0.0000 0.0000 1.0000
0.0000 0.0000
0 1 0 0
0.5000 0.5000 0.0000 0.0000
0.0000 0.0000 0.0000
0.0000 0.0000 1.0000
1.0000 0.0000
0 0 0 0
1.0000 0.0000 0.0000 0.0000
2 # of faces
0 1 2
3 0 2
