0 # number of bones
0 # number of animations
3 # number of meshes
ceiling
304 # number of vertices
1 # number of UV channels
0 # number of color channels
1 # number of textures
ceiling
0
models/ceiling.bmp
0.0000 2.0000 2.0000
0.0000 -1.0000 0.0000
1.0000 1.0000
2.0000 -0.0000 2.0000
0.0000 -1.0000 0.0000
0.0000 0.0000
0.0000 -0.0000 2.0000
0.0000 -1.0000 0.0000
1.0000 0.0000
2.0000 2.0000 2.0000
0.0000 -1.0000 0.0000
0.0000 1.0000
2.0000 2.0000 2.0000
0.0000 -1.0000 0.0000
1.0000 1.0000
4.0000 -0.0000 2.0000
0.0000 -1.0000 0.0000
0.0000 0.0000
2.0000 -0.0000 2.0000
0.0000 -1.0000 0.0000
1.0000 0.0000
4.0000 2.0000 2.0000
0.0000 -1.0000 0.0000
0.0000 1.0000
4.0000 2.0000 2.0000
0.0000 -1.0000 0.0000
1.0000 1.0000
6.0000 -0.0000 2.0000
0.0000 -1.0000 0.0000
0.0000 0.0000
4.0000 -0.0000 2.0000
0.0000 -1.0000 0.0000
1.0000 0.0000
6.0000 2.0000 2.0000
0.0000 -1.0000 0.0000
0.0000 1.0000
6.0000 2.0000 2.0000
0.0000 -1.0000 0.0000
1.0000 1.0000
8.0000 -0.0000 2.0000
0.0000 -1.0000 0.0000
0.0000 0.0000
6.0000 -0.0000 2.0000
0.0000 -1.0000 0.0000
1.0000 0.0000
8.0000 2.0000 2.0000
0.0000 -1.0000 0.0000
0.0000 1.0000
-0.0000 -0.0000 2.0000
0.0000 -1.0000 0.0000
1.0000 1.0000
2.0000 -2.0000 2.0000
0.0000 -1.0000 0.0000
0.0000 0.0000
-0.0000 -2.0000 2.0000
0.0000 -1.0000 0.0000
1.0000 0.0000
2.0000 -0.0000 2.0000
0.0000 -1.0000 0.0000
0.0000 1.0000
2.0000 -0.0000 2.0000
0.0000 -1.0000 0.0000
1.0000 1.0000
4.0000 -2.0000 2.0000
0.0000 -1.0000 0.0000
0.0000 0.0000
2.0000 -2.0000 2.0000
0.0000 -1.0000 0.0000
1.0000 0.0000
4.0000 -0.0000 2.0000
0.0000 -1.0000 0.0000
0.0000 1.0000
4.0000 -0.0000 2.0000
0.0000 -1.0000 0.0000
1.0000 1.0000
6.0000 -2.0000 2.0000
0.0000 -1.0000 0.0000
0.0000 0.0000
4.0000 -2.0000 2.0000
0.0000 -1.0000 0.0000
1.0000 0.0000
6.0000 -0.0000 2.0000
0.0000 -1.0000 0.0000
0.0000 1.0000
6.0000 -0.0000 2.0000
0.0000 -1.0000 0.0000
1.0000 1.0000
8.0000 -2.0000 2.0000
0.0000 -1.0000 0.0000
0.0000 0.0000
6.0000 -2.0000 2.0000
0.0000 -1.0000 0.0000
1.0000 0.0000
8.0000 -0.0000 2.0000
0.0000 -1.0000 0.0000
0.0000 1.0000
-0.0000 -2.0000 2.0000
0.0000 -1.0000 0.0000
1.0000 1.0000
2.0000 -4.0000 2.0000
0.0000 -1.0000 0.0000
0.0000 0.0000
-0.0000 -4.0000 2.0000
0.0000 -1.0000 0.0000
1.0000 0.0000
2.0000 -2.0000 2.0000
0.0000 -1.0000 0.0000
0.0000 1.0000
2.0000 -2.0000 2.0000
0.0000 -1.0000 0.0000
1.0000 1.0000
4.0000 -4.0000 2.0000
0.0000 -1.0000 0.0000
0.0000 0.0000
2.0000 -4.0000 2.0000
0.0000 -1.0000 0.0000
1.0000 0.0000
4.0000 -2.0000 2.0000
0.0000 -1.0000 0.0000
0.0000 1.0000
4.0000 -2.0000 2.0000
0.0000 -1.0000 0.0000
1.0000 1.0000
6.0000 -4.0000 2.0000
0.0000 -1.0000 0.0000
0.0000 0.0000
4.0000 -4.0000 2.0000
0.0000 -1.0000 0.0000
1.0000 0.0000
6.0000 -2.0000 2.0000
0.0000 -1.0000 0.0000
0.0000 1.0000
6.0000 -2.0000 2.0000
0.0000 -1.0000 0.0000
1.0000 1.0000
8.0000 -4.0000 2.0000
0.0000 -1.0000 0.0000
0.0000 0.0000
6.0000 -4.0000 2.0000
0.0000 -1.0000 0.0000
1.0000 0.0000
8.0000 -2.0000 2.0000
0.0000 -1.0000 0.0000
0.0000 1.0000
-0.0000 -4.0000 2.0000
0.0000 -1.0000 0.0000
1.0000 1.0000
2.0000 -6.0000 2.0000
0.0000 -1.0000 0.0000
0.0000 0.0000
-0.0000 -6.0000 2.0000
0.0000 -1.0000 0.0000
1.0000 0.0000
2.0000 -4.0000 2.0000
0.0000 -1.0000 0.0000
0.0000 1.0000
2.0000 -4.0000 2.0000
0.0000 -1.0000 0.0000
1.0000 1.0000
4.0000 -6.0000 2.0000
0.0000 -1.0000 0.0000
0.0000 0.0000
2.0000 -6.0000 2.0000
0.0000 -1.0000 0.0000
1.0000 0.0000
4.0000 -4.0000 2.0000
0.0000 -1.0000 0.0000
0.0000 1.0000
4.0000 -4.0000 2.0000
0.0000 -1.0000 0.0000
1.0000 1.0000
6.0000 -6.0000 2.0000
0.0000 -1.0000 0.0000
0.0000 0.0000
4.0000 -6.0000 2.0000
0.0000 -1.0000 0.0000
1.0000 0.0000
6.0000 -4.0000 2.0000
0.0000 -1.0000 0.0000
0.0000 1.0000
6.0000 -4.0000 2.0000
0.0000 -1.0000 0.0000
1.0000 1.0000
8.0000 -6.0000 2.0000
0.0000 -1.0000 0.0000
0.0000 0.0000
6.0000 -6.0000 2.0000
0.0000 -1.0000 0.0000
1.0000 0.0000
8.0000 -4.0000 2.0000
0.0000 -1.0000 0.0000
0.0000 1.0000
4.0000 4.0000 2.0000
0.0000 -1.0000 0.0000
1.0000 1.0000
6.0000 2.0000 2.0000
0.0000 -1.0000 0.0000
0.0000 0.0000
4.0000 2.0000 2.0000
0.0000 -1.0000 0.0000
1.0000 0.0000
6.0000 4.0000 2.0000
0.0000 -1.0000 0.0000
0.0000 1.0000
-2.0000 12.0000 2.0000
0.0000 -1.0000 0.0000
1.0000 1.0000
0.0000 10.0000 2.0000
0.0000 -1.0000 0.0000
0.0000 0.0000
-2.0000 10.0000 2.0000
0.0000 -1.0000 0.0000
1.0000 0.0000
0.0000 12.0000 2.0000
0.0000 -1.0000 0.0000
0.0000 1.0000
0.0000 12.0000 2.0000
0.0000 -1.0000 0.0000
1.0000 1.0000
2.0000 10.0000 2.0000
0.0000 -1.0000 0.0000
0.0000 0.0000
0.0000 10.0000 2.0000
0.0000 -1.0000 0.0000
1.0000 0.0000
2.0000 12.0000 2.0000
0.0000 -1.0000 0.0000
0.0000 1.0000
2.0000 12.0000 2.0000
0.0000 -1.0000 0.0000
1.0000 1.0000
4.0000 10.0000 2.0000
0.0000 -1.0000 0.0000
0.0000 0.0000
2.0000 10.0000 2.0000
0.0000 -1.0000 0.0000
1.0000 0.0000
4.0000 12.0000 2.0000
0.0000 -1.0000 0.0000
0.0000 1.0000
4.0000 12.0000 2.0000
0.0000 -1.0000 0.0000
1.0000 1.0000
6.0000 10.0000 2.0000
0.0000 -1.0000 0.0000
0.0000 0.0000
4.0000 10.0000 2.0000
0.0000 -1.0000 0.0000
1.0000 0.0000
6.0000 12.0000 2.0000
0.0000 -1.0000 0.0000
0.0000 1.0000
-2.0000 10.0000 2.0000
0.0000 -1.0000 0.0000
1.0000 1.0000
-0.0000 8.0000 2.0000
0.0000 -1.0000 0.0000
0.0000 0.0000
-2.0000 8.0000 2.0000
0.0000 -1.0000 0.0000
1.0000 0.0000
-0.0000 10.0000 2.0000
0.0000 -1.0000 0.0000
0.0000 1.0000
-0.0000 10.0000 2.0000
0.0000 -1.0000 0.0000
1.0000 1.0000
2.0000 8.0000 2.0000
0.0000 -1.0000 0.0000
0.0000 0.0000
-0.0000 8.0000 2.0000
0.0000 -1.0000 0.0000
1.0000 0.0000
2.0000 10.0000 2.0000
0.0000 -1.0000 0.0000
0.0000 1.0000
2.0000 10.0000 2.0000
0.0000 -1.0000 0.0000
1.0000 1.0000
4.0000 8.0000 2.0000
0.0000 -1.0000 0.0000
0.0000 0.0000
2.0000 8.0000 2.0000
0.0000 -1.0000 0.0000
1.0000 0.0000
4.0000 10.0000 2.0000
0.0000 -1.0000 0.0000
0.0000 1.0000
4.0000 10.0000 2.0000
0.0000 -1.0000 0.0000
1.0000 1.0000
6.0000 8.0000 2.0000
0.0000 -1.0000 0.0000
0.0000 0.0000
4.0000 8.0000 2.0000
0.0000 -1.0000 0.0000
1.0000 0.0000
6.0000 10.0000 2.0000
0.0000 -1.0000 0.0000
0.0000 1.0000
-2.0000 8.0000 2.0000
0.0000 -1.0000 0.0000
1.0000 1.0000
-0.0000 6.0000 2.0000
0.0000 -1.0000 0.0000
0.0000 0.0000
-2.0000 6.0000 2.0000
0.0000 -1.0000 0.0000
1.0000 0.0000
-0.0000 8.0000 2.0000
0.0000 -1.0000 0.0000
0.0000 1.0000
-0.0000 8.0000 2.0000
0.0000 -1.0000 0.0000
1.0000 1.0000
2.0000 6.0000 2.0000
0.0000 -1.0000 0.0000
0.0000 0.0000
-0.0000 6.0000 2.0000
0.0000 -1.0000 0.0000
1.0000 0.0000
2.0000 8.0000 2.0000
0.0000 -1.0000 0.0000
0.0000 1.0000
2.0000 8.0000 2.0000
0.0000 -1.0000 0.0000
1.0000 1.0000
4.0000 6.0000 2.0000
0.0000 -1.0000 0.0000
0.0000 0.0000
2.0000 6.0000 2.0000
0.0000 -1.0000 0.0000
1.0000 0.0000
4.0000 8.0000 2.0000
0.0000 -1.0000 0.0000
0.0000 1.0000
4.0000 8.0000 2.0000
0.0000 -1.0000 0.0000
1.0000 1.0000
6.0000 6.0000 2.0000
0.0000 -1.0000 0.0000
0.0000 0.0000
4.0000 6.0000 2.0000
0.0000 -1.0000 0.0000
1.0000 0.0000
6.0000 8.0000 2.0000
0.0000 -1.0000 0.0000
0.0000 1.0000
-2.0000 6.0000 2.0000
0.0000 -1.0000 0.0000
1.0000 1.0000
-0.0000 4.0000 2.0000
0.0000 -1.0000 0.0000
0.0000 0.0000
-2.0000 4.0000 2.0000
0.0000 -1.0000 0.0000
1.0000 0.0000
-0.0000 6.0000 2.0000
0.0000 -1.0000 0.0000
0.0000 1.0000
-0.0000 6.0000 2.0000
0.0000 -1.0000 0.0000
1.0000 1.0000
2.0000 4.0000 2.0000
0.0000 -1.0000 0.0000
0.0000 0.0000
-0.0000 4.0000 2.0000
0.0000 -1.0000 0.0000
1.0000 0.0000
2.0000 6.0000 2.0000
0.0000 -1.0000 0.0000
0.0000 1.0000
2.0000 6.0000 2.0000
0.0000 -1.0000 0.0000
1.0000 1.0000
4.0000 4.0000 2.0000
0.0000 -1.0000 0.0000
0.0000 0.0000
2.0000 4.0000 2.0000
0.0000 -1.0000 0.0000
1.0000 0.0000
4.0000 6.0000 2.0000
0.0000 -1.0000 0.0000
0.0000 1.0000
4.0000 6.0000 2.0000
0.0000 -1.0000 0.0000
1.0000 1.0000
6.0000 4.0000 2.0000
0.0000 -1.0000 0.0000
0.0000 0.0000
4.0000 4.0000 2.0000
0.0000 -1.0000 0.0000
1.0000 0.0000
6.0000 6.0000 2.0000
0.0000 -1.0000 0.0000
0.0000 1.0000
-4.0000 8.0000 2.0000
0.0000 -1.0000 0.0000
1.0000 1.0000
-2.0000 6.0000 2.0000
0.0000 -1.0000 0.0000
0.0000 0.0000
-4.0000 6.0000 2.0000
0.0000 -1.0000 0.0000
1.0000 0.0000
-2.0000 8.0000 2.0000
0.0000 -1.0000 0.0000
0.0000 1.0000
-12.0000 8.0000 2.0000
0.0000 -1.0000 0.0000
1.0000 1.0000
-10.0000 6.0000 2.0000
0.0000 -1.0000 0.0000
0.0000 0.0000
-12.0000 6.0000 2.0000
0.0000 -1.0000 0.0000
1.0000 0.0000
-10.0000 8.0000 2.0000
0.0000 -1.0000 0.0000
0.0000 1.0000
-10.0000 8.0000 2.0000
0.0000 -1.0000 0.0000
1.0000 1.0000
-8.0000 6.0000 2.0000
0.0000 -1.0000 0.0000
0.0000 0.0000
-10.0000 6.0000 2.0000
0.0000 -1.0000 0.0000
1.0000 0.0000
-8.0000 8.0000 2.0000
0.0000 -1.0000 0.0000
0.0000 1.0000
-8.0000 8.0000 2.0000
0.0000 -1.0000 0.0000
1.0000 1.0000
-6.0000 6.0000 2.0000
0.0000 -1.0000 0.0000
0.0000 0.0000
-8.0000 6.0000 2.0000
0.0000 -1.0000 0.0000
1.0000 0.0000
-6.0000 8.0000 2.0000
0.0000 -1.0000 0.0000
0.0000 1.0000
-6.0000 8.0000 2.0000
0.0000 -1.0000 0.0000
1.0000 1.0000
-4.0000 6.0000 2.0000
0.0000 -1.0000 0.0000
0.0000 0.0000
-6.0000 6.0000 2.0000
0.0000 -1.0000 0.0000
1.0000 0.0000
-4.0000 8.0000 2.0000
0.0000 -1.0000 0.0000
0.0000 1.0000
-12.0000 6.0000 2.0000
0.0000 -1.0000 0.0000
1.0000 1.0000
-10.0000 4.0000 2.0000
0.0000 -1.0000 0.0000
0.0000 0.0000
-12.0000 4.0000 2.0000
0.0000 -1.0000 0.0000
1.0000 0.0000
-10.0000 6.0000 2.0000
0.0000 -1.0000 0.0000
0.0000 1.0000
-10.0000 6.0000 2.0000
0.0000 -1.0000 0.0000
1.0000 1.0000
-8.0000 4.0000 2.0000
0.0000 -1.0000 0.0000
0.0000 0.0000
-10.0000 4.0000 2.0000
0.0000 -1.0000 0.0000
1.0000 0.0000
-8.0000 6.0000 2.0000
0.0000 -1.0000 0.0000
0.0000 1.0000
-8.0000 6.0000 2.0000
0.0000 -1.0000 0.0000
1.0000 1.0000
-6.0000 4.0000 2.0000
0.0000 -1.0000 0.0000
0.0000 0.0000
-8.0000 4.0000 2.0000
0.0000 -1.0000 0.0000
1.0000 0.0000
-6.0000 6.0000 2.0000
0.0000 -1.0000 0.0000
0.0000 1.0000
-6.0000 6.0000 2.0000
0.0000 -1.0000 0.0000
1.0000 1.0000
-4.0000 4.0000 2.0000
0.0000 -1.0000 0.0000
0.0000 0.0000
-6.0000 4.0000 2.0000
0.0000 -1.0000 0.0000
1.0000 0.0000
-4.0000 6.0000 2.0000
0.0000 -1.0000 0.0000
0.0000 1.0000
-12.0000 4.0000 2.0000
0.0000 -1.0000 0.0000
1.0000 1.0000
-10.0000 2.0000 2.0000
0.0000 -1.0000 0.0000
0.0000 0.0000
-12.0000 2.0000 2.0000
0.0000 -1.0000 0.0000
1.0000 0.0000
-10.0000 4.0000 2.0000
0.0000 -1.0000 0.0000
0.0000 1.0000
-10.0000 4.0000 2.0000
0.0000 -1.0000 0.0000
1.0000 1.0000
-8.0000 2.0000 2.0000
0.0000 -1.0000 0.0000
0.0000 0.0000
-10.0000 2.0000 2.0000
0.0000 -1.0000 0.0000
1.0000 0.0000
-8.0000 4.0000 2.0000
0.0000 -1.0000 0.0000
0.0000 1.0000
-8.0000 4.0000 2.0000
0.0000 -1.0000 0.0000
1.0000 1.0000
-6.0000 2.0000 2.0000
0.0000 -1.0000 0.0000
0.0000 0.0000
-8.0000 2.0000 2.0000
0.0000 -1.0000 0.0000
1.0000 0.0000
-6.0000 4.0000 2.0000
0.0000 -1.0000 0.0000
0.0000 1.0000
-6.0000 4.0000 2.0000
0.0000 -1.0000 0.0000
1.0000 1.0000
-4.0000 2.0000 2.0000
0.0000 -1.0000 0.0000
0.0000 0.0000
-6.0000 2.0000 2.0000
0.0000 -1.0000 0.0000
1.0000 0.0000
-4.0000 4.0000 2.0000
0.0000 -1.0000 0.0000
0.0000 1.0000
-12.0000 2.0000 2.0000
0.0000 -1.0000 0.0000
1.0000 1.0000
-10.0000 -0.0000 2.0000
0.0000 -1.0000 0.0000
0.0000 0.0000
-12.0000 -0.0000 2.0000
0.0000 -1.0000 0.0000
1.0000 0.0000
-10.0000 2.0000 2.0000
0.0000 -1.0000 0.0000
0.0000 1.0000
-10.0000 2.0000 2.0000
0.0000 -1.0000 0.0000
1.0000 1.0000
-8.0000 -0.0000 2.0000
0.0000 -1.0000 0.0000
0.0000 0.0000
-10.0000 -0.0000 2.0000
0.0000 -1.0000 0.0000
1.0000 0.0000
-8.0000 2.0000 2.0000
0.0000 -1.0000 0.0000
0.0000 1.0000
-8.0000 2.0000 2.0000
0.0000 -1.0000 0.0000
1.0000 1.0000
-6.0000 -0.0000 2.0000
0.0000 -1.0000 0.0000
0.0000 0.0000
-8.0000 -0.0000 2.0000
0.0000 -1.0000 0.0000
1.0000 0.0000
-6.0000 2.0000 2.0000
0.0000 -1.0000 0.0000
0.0000 1.0000
-6.0000 2.0000 2.0000
0.0000 -1.0000 0.0000
1.0000 1.0000
-4.0000 -0.0000 2.0000
0.0000 -1.0000 0.0000
0.0000 0.0000
-6.0000 -0.0000 2.0000
0.0000 -1.0000 0.0000
1.0000 0.0000
-4.0000 2.0000 2.0000
0.0000 -1.0000 0.0000
0.0000 1.0000
-10.0000 0.0000 2.0000
0.0000 -1.0000 0.0000
1.0000 1.0000
-8.0000 -2.0000 2.0000
0.0000 -1.0000 0.0000
0.0000 0.0000
-10.0000 -2.0000 2.0000
0.0000 -1.0000 0.0000
1.0000 0.0000
-8.0000 0.0000 2.0000
0.0000 -1.0000 0.0000
0.0000 1.0000
-2.0000 -8.0000 2.0000
0.0000 -1.0000 0.0000
1.0000 1.0000
0.0000 -10.0000 2.0000
0.0000 -1.0000 0.0000
0.0000 0.0000
-2.0000 -10.0000 2.0000
0.0000 -1.0000 0.0000
1.0000 0.0000
0.0000 -8.0000 2.0000
0.0000 -1.0000 0.0000
0.0000 1.0000
0.0000 -8.0000 2.0000
0.0000 -1.0000 0.0000
1.0000 1.0000
2.0000 -10.0000 2.0000
0.0000 -1.0000 0.0000
0.0000 0.0000
0.0000 -10.0000 2.0000
0.0000 -1.0000 0.0000
1.0000 0.0000
2.0000 -8.0000 2.0000
0.0000 -1.0000 0.0000
0.0000 1.0000
2.0000 -8.0000 2.0000
0.0000 -1.0000 0.0000
1.0000 1.0000
4.0000 -10.0000 2.0000
0.0000 -1.0000 0.0000
0.0000 0.0000
2.0000 -10.0000 2.0000
0.0000 -1.0000 0.0000
1.0000 0.0000
4.0000 -8.0000 2.0000
0.0000 -1.0000 0.0000
0.0000 1.0000
4.0000 -8.0000 2.0000
0.0000 -1.0000 0.0000
1.0000 1.0000
6.0000 -10.0000 2.0000
0.0000 -1.0000 0.0000
0.0000 0.0000
4.0000 -10.0000 2.0000
0.0000 -1.0000 0.0000
1.0000 0.0000
6.0000 -8.0000 2.0000
0.0000 -1.0000 0.0000
0.0000 1.0000
6.0000 -8.0000 2.0000
0.0000 -1.0000 0.0000
1.0000 1.0000
8.0000 -10.0000 2.0000
0.0000 -1.0000 0.0000
0.0000 0.0000
6.0000 -10.0000 2.0000
0.0000 -1.0000 0.0000
1.0000 0.0000
8.0000 -8.0000 2.0000
0.0000 -1.0000 0.0000
0.0000 1.0000
0.0000 -10.0000 2.0000
0.0000 -1.0000 0.0000
1.0000 1.0000
2.0000 -12.0000 2.0000
0.0000 -1.0000 0.0000
0.0000 0.0000
0.0000 -12.0000 2.0000
0.0000 -1.0000 0.0000
1.0000 0.0000
2.0000 -10.0000 2.0000
0.0000 -1.0000 0.0000
0.0000 1.0000
2.0000 -10.0000 2.0000
0.0000 -1.0000 0.0000
1.0000 1.0000
4.0000 -12.0000 2.0000
0.0000 -1.0000 0.0000
0.0000 0.0000
2.0000 -12.0000 2.0000
0.0000 -1.0000 0.0000
1.0000 0.0000
4.0000 -10.0000 2.0000
0.0000 -1.0000 0.0000
0.0000 1.0000
4.0000 -10.0000 2.0000
0.0000 -1.0000 0.0000
1.0000 1.0000
6.0000 -12.0000 2.0000
0.0000 -1.0000 0.0000
0.0000 0.0000
4.0000 -12.0000 2.0000
0.0000 -1.0000 0.0000
1.0000 0.0000
6.0000 -10.0000 2.0000
0.0000 -1.0000 0.0000
0.0000 1.0000
6.0000 -10.0000 2.0000
0.0000 -1.0000 0.0000
1.0000 1.0000
8.0000 -12.0000 2.0000
0.0000 -1.0000 0.0000
0.0000 0.0000
6.0000 -12.0000 2.0000
0.0000 -1.0000 0.0000
1.0000 0.0000
8.0000 -10.0000 2.0000
0.0000 -1.0000 0.0000
0.0000 1.0000
0.0000 -12.0000 2.0000
0.0000 -1.0000 0.0000
1.0000 1.0000
2.0000 -14.0000 2.0000
0.0000 -1.0000 0.0000
0.0000 0.0000
0.0000 -14.0000 2.0000
0.0000 -1.0000 0.0000
1.0000 0.0000
2.0000 -12.0000 2.0000
0.0000 -1.0000 0.0000
0.0000 1.0000
2.0000 -12.0000 2.0000
0.0000 -1.0000 0.0000
1.0000 1.0000
4.0000 -14.0000 2.0000
0.0000 -1.0000 0.0000
0.0000 0.0000
2.0000 -14.0000 2.0000
0.0000 -1.0000 0.0000
1.0000 0.0000
4.0000 -12.0000 2.0000
0.0000 -1.0000 0.0000
0.0000 1.0000
4.0000 -12.0000 2.0000
0.0000 -1.0000 0.0000
1.0000 1.0000
6.0000 -14.0000 2.0000
0.0000 -1.0000 0.0000
0.0000 0.0000
4.0000 -14.0000 2.0000
0.0000 -1.0000 0.0000
1.0000 0.0000
6.0000 -12.0000 2.0000
0.0000 -1.0000 0.0000
0.0000 1.0000
6.0000 -12.0000 2.0000
0.0000 -1.0000 0.0000
1.0000 1.0000
8.0000 -14.0000 2.0000
0.0000 -1.0000 0.0000
0.0000 0.0000
6.0000 -14.0000 2.0000
0.0000 -1.0000 0.0000
1.0000 0.0000
8.0000 -12.0000 2.0000
0.0000 -1.0000 0.0000
0.0000 1.0000
-0.0000 -14.0000 2.0000
0.0000 -1.0000 0.0000
1.0000 1.0000
2.0000 -16.0000 2.0000
0.0000 -1.0000 0.0000
0.0000 0.0000
-0.0000 -16.0000 2.0000
0.0000 -1.0000 0.0000
1.0000 0.0000
2.0000 -14.0000 2.0000
0.0000 -1.0000 0.0000
0.0000 1.0000
2.0000 -14.0000 2.0000
0.0000 -1.0000 0.0000
1.0000 1.0000
4.0000 -16.0000 2.0000
0.0000 -1.0000 0.0000
0.0000 0.0000
2.0000 -16.0000 2.0000
0.0000 -1.0000 0.0000
1.0000 0.0000
4.0000 -14.0000 2.0000
0.0000 -1.0000 0.0000
0.0000 1.0000
4.0000 -14.0000 2.0000
0.0000 -1.0000 0.0000
1.0000 1.0000
6.0000 -16.0000 2.0000
0.0000 -1.0000 0.0000
0.0000 0.0000
4.0000 -16.0000 2.0000
0.0000 -1.0000 0.0000
1.0000 0.0000
6.0000 -14.0000 2.0000
0.0000 -1.0000 0.0000
0.0000 1.0000
6.0000 -14.0000 2.0000
0.0000 -1.0000 0.0000
1.0000 1.0000
8.0000 -16.0000 2.0000
0.0000 -1.0000 0.0000
0.0000 0.0000
6.0000 -16.0000 2.0000
0.0000 -1.0000 0.0000
1.0000 0.0000
8.0000 -14.0000 2.0000
0.0000 -1.0000 0.0000
0.0000 1.0000
2.0000 -6.0000 2.0000
0.0000 -1.0000 0.0000
1.0000 1.0000
4.0000 -8.0000 2.0000
0.0000 -1.0000 0.0000
0.0000 0.0000
2.0000 -8.0000 2.0000
0.0000 -1.0000 0.0000
1.0000 0.0000
4.0000 -6.0000 2.0000
0.0000 -1.0000 0.0000
0.0000 1.0000
-10.0000 -2.0000 2.0000
0.0000 -1.0000 0.0000
1.0000 1.0000
-8.0000 -4.0000 2.0000
0.0000 -1.0000 0.0000
0.0000 0.0000
-10.0000 -4.0000 2.0000
0.0000 -1.0000 0.0000
1.0000 0.0000
-8.0000 -2.0000 2.0000
0.0000 -1.0000 0.0000
0.0000 1.0000
-10.0000 -4.0000 2.0000
0.0000 -1.0000 0.0000
1.0000 1.0000
-8.0000 -6.0000 2.0000
0.0000 -1.0000 0.0000
0.0000 0.0000
-10.0000 -6.0000 2.0000
0.0000 -1.0000 0.0000
1.0000 0.0000
-8.0000 -4.0000 2.0000
0.0000 -1.0000 0.0000
0.0000 1.0000
-10.0000 -6.0000 2.0000
0.0000 -1.0000 0.0000
1.0000 1.0000
-8.0000 -8.0000 2.0000
0.0000 -1.0000 0.0000
0.0000 0.0000
-10.0000 -8.0000 2.0000
0.0000 -1.0000 0.0000
1.0000 0.0000
-8.0000 -6.0000 2.0000
0.0000 -1.0000 0.0000
0.0000 1.0000
-10.0000 -8.0000 2.0000
0.0000 -1.0000 0.0000
1.0000 1.0000
-8.0000 -10.0000 2.0000
0.0000 -1.0000 0.0000
0.0000 0.0000
-10.0000 -10.0000 2.0000
0.0000 -1.0000 0.0000
1.0000 0.0000
-8.0000 -8.0000 2.0000
0.0000 -1.0000 0.0000
0.0000 1.0000
-4.0000 -8.0000 2.0000
0.0000 -1.0000 0.0000
1.0000 1.0000
-2.0000 -10.0000 2.0000
0.0000 -1.0000 0.0000
0.0000 0.0000
-4.0000 -10.0000 2.0000
0.0000 -1.0000 0.0000
1.0000 0.0000
-2.0000 -8.0000 2.0000
0.0000 -1.0000 0.0000
0.0000 1.0000
-6.0000 -8.0000 2.0000
0.0000 -1.0000 0.0000
1.0000 1.0000
-4.0000 -10.0000 2.0000
0.0000 -1.0000 0.0000
0.0000 0.0000
-6.0000 -10.0000 2.0000
0.0000 -1.0000 0.0000
1.0000 0.0000
-4.0000 -8.0000 2.0000
0.0000 -1.0000 0.0000
0.0000 1.0000
-8.0000 -8.0000 2.0000
0.0000 -1.0000 0.0000
1.0000 1.0000
-6.0000 -10.0000 2.0000
0.0000 -1.0000 0.0000
0.0000 0.0000
-8.0000 -10.0000 2.0000
0.0000 -1.0000 0.0000
1.0000 0.0000
-6.0000 -8.0000 2.0000
0.0000 -1.0000 0.0000
0.0000 1.0000
152 # of faces
0 1 2
0 3 1
4 5 6
4 7 5
8 9 10
8 11 9
12 13 14
12 15 13
16 17 18
16 19 17
20 21 22
20 23 21
24 25 26
24 27 25
28 29 30
28 31 29
32 33 34
32 35 33
36 37 38
36 39 37
40 41 42
40 43 41
44 45 46
44 47 45
48 49 50
48 51 49
52 53 54
52 55 53
56 57 58
56 59 57
60 61 62
60 63 61
64 65 66
64 67 65
68 69 70
68 71 69
72 73 74
72 75 73
76 77 78
76 79 77
80 81 82
80 83 81
84 85 86
84 87 85
88 89 90
88 91 89
92 93 94
92 95 93
96 97 98
96 99 97
100 101 102
100 103 101
104 105 106
104 107 105
108 109 110
108 111 109
112 113 114
112 115 113
116 117 118
116 119 117
120 121 122
120 123 121
124 125 126
124 127 125
128 129 130
128 131 129
132 133 134
132 135 133
136 137 138
136 139 137
140 141 142
140 143 141
144 145 146
144 147 145
148 149 150
148 151 149
152 153 154
152 155 153
156 157 158
156 159 157
160 161 162
160 163 161
164 165 166
164 167 165
168 169 170
168 171 169
172 173 174
172 175 173
176 177 178
176 179 177
180 181 182
180 183 181
184 185 186
184 187 185
188 189 190
188 191 189
192 193 194
192 195 193
196 197 198
196 199 197
200 201 202
200 203 201
204 205 206
204 207 205
208 209 210
208 211 209
212 213 214
212 215 213
216 217 218
216 219 217
220 221 222
220 223 221
224 225 226
224 227 225
228 229 230
228 231 229
232 233 234
232 235 233
236 237 238
236 239 237
240 241 242
240 243 241
244 245 246
244 247 245
248 249 250
248 251 249
252 253 254
252 255 253
256 257 258
256 259 257
260 261 262
260 263 261
264 265 266
264 267 265
268 269 270
268 271 269
272 273 274
272 275 273
276 277 278
276 279 277
280 281 282
280 283 281
284 285 286
284 287 285
288 289 290
288 291 289
292 293 294
292 295 293
296 297 298
296 299 297
300 301 302
300 303 301
floor
304 # number of vertices
1 # number of UV channels
0 # number of color channels
1 # number of textures
floor
0
models/floor.bmp
2.0000 0.0000 0.0000
0.0000 1.0000 0.0000
1.0000 0.0000
0.0000 2.0000 0.0000
0.0000 1.0000 0.0000
0.0000 1.0000
0.0000 0.0000 0.0000
0.0000 1.0000 0.0000
0.0000 0.0000
2.0000 2.0000 0.0000
0.0000 1.0000 0.0000
1.0000 1.0000
4.0000 -0.0000 -0.0000
0.0000 1.0000 0.0000
1.0000 0.0000
2.0000 2.0000 0.0000
0.0000 1.0000 0.0000
0.0000 1.0000
2.0000 -0.0000 -0.0000
0.0000 1.0000 0.0000
0.0000 0.0000
4.0000 2.0000 0.0000
0.0000 1.0000 0.0000
1.0000 1.0000
6.0000 -0.0000 -0.0000
0.0000 1.0000 0.0000
1.0000 0.0000
4.0000 2.0000 0.0000
0.0000 1.0000 0.0000
0.0000 1.0000
4.0000 -0.0000 -0.0000
0.0000 1.0000 0.0000
0.0000 0.0000
6.0000 2.0000 0.0000
0.0000 1.0000 0.0000
1.0000 1.0000
8.0000 -0.0000 -0.0000
0.0000 1.0000 0.0000
1.0000 0.0000
6.0000 2.0000 0.0000
0.0000 1.0000 0.0000
0.0000 1.0000
6.0000 -0.0000 -0.0000
0.0000 1.0000 0.0000
0.0000 0.0000
8.0000 2.0000 0.0000
0.0000 1.0000 0.0000
1.0000 1.0000
2.0000 -2.0000 -0.0000
0.0000 1.0000 0.0000
1.0000 0.0000
0.0000 0.0000 0.0000
0.0000 1.0000 0.0000
0.0000 1.0000
0.0000 -2.0000 -0.0000
0.0000 1.0000 0.0000
0.0000 0.0000
2.0000 0.0000 0.0000
0.0000 1.0000 0.0000
1.0000 1.0000
4.0000 -2.0000 -0.0000
0.0000 1.0000 0.0000
1.0000 0.0000
2.0000 0.0000 0.0000
0.0000 1.0000 0.0000
0.0000 1.0000
2.0000 -2.0000 -0.0000
0.0000 1.0000 0.0000
0.0000 0.0000
4.0000 0.0000 0.0000
0.0000 1.0000 0.0000
1.0000 1.0000
6.0000 -2.0000 -0.0000
0.0000 1.0000 0.0000
1.0000 0.0000
4.0000 0.0000 0.0000
0.0000 1.0000 0.0000
0.0000 1.0000
4.0000 -2.0000 -0.0000
0.0000 1.0000 0.0000
0.0000 0.0000
6.0000 0.0000 0.0000
0.0000 1.0000 0.0000
1.0000 1.0000
8.0000 -2.0000 -0.0000
0.0000 1.0000 0.0000
1.0000 0.0000
6.0000 0.0000 0.0000
0.0000 1.0000 0.0000
0.0000 1.0000
6.0000 -2.0000 -0.0000
0.0000 1.0000 0.0000
0.0000 0.0000
8.0000 0.0000 0.0000
0.0000 1.0000 0.0000
1.0000 1.0000
2.0000 -4.0000 -0.0000
0.0000 1.0000 0.0000
1.0000 0.0000
-0.0000 -2.0000 -0.0000
0.0000 1.0000 0.0000
0.0000 1.0000
-0.0000 -4.0000 -0.0000
0.0000 1.0000 0.0000
0.0000 0.0000
2.0000 -2.0000 -0.0000
0.0000 1.0000 0.0000
1.0000 1.0000
4.0000 -4.0000 -0.0000
0.0000 1.0000 0.0000
1.0000 0.0000
2.0000 -2.0000 -0.0000
0.0000 1.0000 0.0000
0.0000 1.0000
2.0000 -4.0000 -0.0000
0.0000 1.0000 0.0000
0.0000 0.0000
4.0000 -2.0000 -0.0000
0.0000 1.0000 0.0000
1.0000 1.0000
6.0000 -4.0000 -0.0000
0.0000 1.0000 0.0000
1.0000 0.0000
4.0000 -2.0000 -0.0000
0.0000 1.0000 0.0000
0.0000 1.0000
4.0000 -4.0000 -0.0000
0.0000 1.0000 0.0000
0.0000 0.0000
6.0000 -2.0000 -0.0000
0.0000 1.0000 0.0000
1.0000 1.0000
8.0000 -4.0000 -0.0000
0.0000 1.0000 0.0000
1.0000 0.0000
6.0000 -2.0000 -0.0000
0.0000 1.0000 0.0000
0.0000 1.0000
6.0000 -4.0000 -0.0000
0.0000 1.0000 0.0000
0.0000 0.0000
8.0000 -2.0000 -0.0000
0.0000 1.0000 0.0000
1.0000 1.0000
2.0000 -6.0000 -0.0000
0.0000 1.0000 0.0000
1.0000 0.0000
-0.0000 -4.0000 -0.0000
0.0000 1.0000 0.0000
0.0000 1.0000
-0.0000 -6.0000 -0.0000
0.0000 1.0000 0.0000
0.0000 0.0000
2.0000 -4.0000 -0.0000
0.0000 1.0000 0.0000
1.0000 1.0000
4.0000 -6.0000 -0.0000
0.0000 1.0000 0.0000
1.0000 0.0000
2.0000 -4.0000 -0.0000
0.0000 1.0000 0.0000
0.0000 1.0000
2.0000 -6.0000 -0.0000
0.0000 1.0000 0.0000
0.0000 0.0000
4.0000 -4.0000 -0.0000
0.0000 1.0000 0.0000
1.0000 1.0000
6.0000 -6.0000 -0.0000
0.0000 1.0000 0.0000
1.0000 0.0000
4.0000 -4.0000 -0.0000
0.0000 1.0000 0.0000
0.0000 1.0000
4.0000 -6.0000 -0.0000
0.0000 1.0000 0.0000
0.0000 0.0000
6.0000 -4.0000 -0.0000
0.0000 1.0000 0.0000
1.0000 1.0000
8.0000 -6.0000 -0.0000
0.0000 1.0000 0.0000
1.0000 0.0000
6.0000 -4.0000 -0.0000
0.0000 1.0000 0.0000
0.0000 1.0000
6.0000 -6.0000 -0.0000
0.0000 1.0000 0.0000
0.0000 0.0000
8.0000 -4.0000 -0.0000
0.0000 1.0000 0.0000
1.0000 1.0000
6.0000 2.0000 0.0000
0.0000 1.0000 0.0000
1.0000 0.0000
4.0000 4.0000 0.0000
0.0000 1.0000 0.0000
0.0000 1.0000
4.0000 2.0000 0.0000
0.0000 1.0000 0.0000
0.0000 0.0000
6.0000 4.0000 0.0000
0.0000 1.0000 0.0000
1.0000 1.0000
0.0000 10.0000 0.0000
0.0000 1.0000 0.0000
1.0000 0.0000
-2.0000 12.0000 0.0000
0.0000 1.0000 0.0000
0.0000 1.0000
-2.0000 10.0000 0.0000
0.0000 1.0000 0.0000
0.0000 0.0000
0.0000 12.0000 0.0000
0.0000 1.0000 0.0000
1.0000 1.0000
2.0000 10.0000 0.0000
0.0000 1.0000 0.0000
1.0000 0.0000
0.0000 12.0000 0.0000
0.0000 1.0000 0.0000
0.0000 1.0000
0.0000 10.0000 0.0000
0.0000 1.0000 0.0000
0.0000 0.0000
2.0000 12.0000 0.0000
0.0000 1.0000 0.0000
1.0000 1.0000
4.0000 10.0000 0.0000
0.0000 1.0000 0.0000
1.0000 0.0000
2.0000 12.0000 0.0000
0.0000 1.0000 0.0000
0.0000 1.0000
2.0000 10.0000 0.0000
0.0000 1.0000 0.0000
0.0000 0.0000
4.0000 12.0000 0.0000
0.0000 1.0000 0.0000
1.0000 1.0000
6.0000 10.0000 0.0000
0.0000 1.0000 0.0000
1.0000 0.0000
4.0000 12.0000 0.0000
0.0000 1.0000 0.0000
0.0000 1.0000
4.0000 10.0000 0.0000
0.0000 1.0000 0.0000
0.0000 0.0000
6.0000 12.0000 0.0000
0.0000 1.0000 0.0000
1.0000 1.0000
0.0000 8.0000 0.0000
0.0000 1.0000 0.0000
1.0000 0.0000
-2.0000 10.0000 0.0000
0.0000 1.0000 0.0000
0.0000 1.0000
-2.0000 8.0000 0.0000
0.0000 1.0000 0.0000
0.0000 0.0000
0.0000 10.0000 0.0000
0.0000 1.0000 0.0000
1.0000 1.0000
2.0000 8.0000 0.0000
0.0000 1.0000 0.0000
1.0000 0.0000
0.0000 10.0000 0.0000
0.0000 1.0000 0.0000
0.0000 1.0000
0.0000 8.0000 0.0000
0.0000 1.0000 0.0000
0.0000 0.0000
2.0000 10.0000 0.0000
0.0000 1.0000 0.0000
1.0000 1.0000
4.0000 8.0000 0.0000
0.0000 1.0000 0.0000
1.0000 0.0000
2.0000 10.0000 0.0000
0.0000 1.0000 0.0000
0.0000 1.0000
2.0000 8.0000 0.0000
0.0000 1.0000 0.0000
0.0000 0.0000
4.0000 10.0000 0.0000
0.0000 1.0000 0.0000
1.0000 1.0000
6.0000 8.0000 0.0000
0.0000 1.0000 0.0000
1.0000 0.0000
4.0000 10.0000 0.0000
0.0000 1.0000 0.0000
0.0000 1.0000
4.0000 8.0000 0.0000
0.0000 1.0000 0.0000
0.0000 0.0000
6.0000 10.0000 0.0000
0.0000 1.0000 0.0000
1.0000 1.0000
-0.0000 6.0000 0.0000
0.0000 1.0000 0.0000
1.0000 0.0000
-2.0000 8.0000 0.0000
0.0000 1.0000 0.0000
0.0000 1.0000
-2.0000 6.0000 0.0000
0.0000 1.0000 0.0000
0.0000 0.0000
-0.0000 8.0000 0.0000
0.0000 1.0000 0.0000
1.0000 1.0000
2.0000 6.0000 0.0000
0.0000 1.0000 0.0000
1.0000 0.0000
-0.0000 8.0000 0.0000
0.0000 1.0000 0.0000
0.0000 1.0000
-0.0000 6.0000 0.0000
0.0000 1.0000 0.0000
0.0000 0.0000
2.0000 8.0000 0.0000
0.0000 1.0000 0.0000
1.0000 1.0000
4.0000 6.0000 0.0000
0.0000 1.0000 0.0000
1.0000 0.0000
2.0000 8.0000 0.0000
0.0000 1.0000 0.0000
0.0000 1.0000
2.0000 6.0000 0.0000
0.0000 1.0000 0.0000
0.0000 0.0000
4.0000 8.0000 0.0000
0.0000 1.0000 0.0000
1.0000 1.0000
6.0000 6.0000 0.0000
0.0000 1.0000 0.0000
1.0000 0.0000
4.0000 8.0000 0.0000
0.0000 1.0000 0.0000
0.0000 1.0000
4.0000 6.0000 0.0000
0.0000 1.0000 0.0000
0.0000 0.0000
6.0000 8.0000 0.0000
0.0000 1.0000 0.0000
1.0000 1.0000
-0.0000 4.0000 0.0000
0.0000 1.0000 0.0000
1.0000 0.0000
-2.0000 6.0000 0.0000
0.0000 1.0000 0.0000
0.0000 1.0000
-2.0000 4.0000 0.0000
0.0000 1.0000 0.0000
0.0000 0.0000
-0.0000 6.0000 0.0000
0.0000 1.0000 0.0000
1.0000 1.0000
2.0000 4.0000 0.0000
0.0000 1.0000 0.0000
1.0000 0.0000
-0.0000 6.0000 0.0000
0.0000 1.0000 0.0000
0.0000 1.0000
-0.0000 4.0000 0.0000
0.0000 1.0000 0.0000
0.0000 0.0000
2.0000 6.0000 0.0000
0.0000 1.0000 0.0000
1.0000 1.0000
4.0000 4.0000 0.0000
0.0000 1.0000 0.0000
1.0000 0.0000
2.0000 6.0000 0.0000
0.0000 1.0000 0.0000
0.0000 1.0000
2.0000 4.0000 0.0000
0.0000 1.0000 0.0000
0.0000 0.0000
4.0000 6.0000 0.0000
0.0000 1.0000 0.0000
1.0000 1.0000
6.0000 4.0000 0.0000
0.0000 1.0000 0.0000
1.0000 0.0000
4.0000 6.0000 0.0000
0.0000 1.0000 0.0000
0.0000 1.0000
4.0000 4.0000 0.0000
0.0000 1.0000 0.0000
0.0000 0.0000
6.0000 6.0000 0.0000
0.0000 1.0000 0.0000
1.0000 1.0000
-2.0000 6.0000 0.0000
0.0000 1.0000 0.0000
1.0000 0.0000
-4.0000 8.0000 0.0000
0.0000 1.0000 0.0000
0.0000 1.0000
-4.0000 6.0000 0.0000
0.0000 1.0000 0.0000
0.0000 0.0000
-2.0000 8.0000 0.0000
0.0000 1.0000 0.0000
1.0000 1.0000
-10.0000 6.0000 0.0000
0.0000 1.0000 0.0000
1.0000 0.0000
-12.0000 8.0000 0.0000
0.0000 1.0000 0.0000
0.0000 1.0000
-12.0000 6.0000 0.0000
0.0000 1.0000 0.0000
0.0000 0.0000
-10.0000 8.0000 0.0000
0.0000 1.0000 0.0000
1.0000 1.0000
-8.0000 6.0000 0.0000
0.0000 1.0000 0.0000
1.0000 0.0000
-10.0000 8.0000 0.0000
0.0000 1.0000 0.0000
0.0000 1.0000
-10.0000 6.0000 0.0000
0.0000 1.0000 0.0000
0.0000 0.0000
-8.0000 8.0000 0.0000
0.0000 1.0000 0.0000
1.0000 1.0000
-6.0000 6.0000 0.0000
0.0000 1.0000 0.0000
1.0000 0.0000
-8.0000 8.0000 0.0000
0.0000 1.0000 0.0000
0.0000 1.0000
-8.0000 6.0000 0.0000
0.0000 1.0000 0.0000
0.0000 0.0000
-6.0000 8.0000 0.0000
0.0000 1.0000 0.0000
1.0000 1.0000
-4.0000 6.0000 0.0000
0.0000 1.0000 0.0000
1.0000 0.0000
-6.0000 8.0000 0.0000
0.0000 1.0000 0.0000
0.0000 1.0000
-6.0000 6.0000 0.0000
0.0000 1.0000 0.0000
0.0000 0.0000
-4.0000 8.0000 0.0000
0.0000 1.0000 0.0000
1.0000 1.0000
-10.0000 4.0000 0.0000
0.0000 1.0000 0.0000
1.0000 0.0000
-12.0000 6.0000 0.0000
0.0000 1.0000 0.0000
0.0000 1.0000
-12.0000 4.0000 0.0000
0.0000 1.0000 0.0000
0.0000 0.0000
-10.0000 6.0000 0.0000
0.0000 1.0000 0.0000
1.0000 1.0000
-8.0000 4.0000 0.0000
0.0000 1.0000 0.0000
1.0000 0.0000
-10.0000 6.0000 0.0000
0.0000 1.0000 0.0000
0.0000 1.0000
-10.0000 4.0000 0.0000
0.0000 1.0000 0.0000
0.0000 0.0000
-8.0000 6.0000 0.0000
0.0000 1.0000 0.0000
1.0000 1.0000
-6.0000 4.0000 0.0000
0.0000 1.0000 0.0000
1.0000 0.0000
-8.0000 6.0000 0.0000
0.0000 1.0000 0.0000
0.0000 1.0000
-8.0000 4.0000 0.0000
0.0000 1.0000 0.0000
0.0000 0.0000
-6.0000 6.0000 0.0000
0.0000 1.0000 0.0000
1.0000 1.0000
-4.0000 4.0000 0.0000
0.0000 1.0000 0.0000
1.0000 0.0000
-6.0000 6.0000 0.0000
0.0000 1.0000 0.0000
0.0000 1.0000
-6.0000 4.0000 0.0000
0.0000 1.0000 0.0000
0.0000 0.0000
-4.0000 6.0000 0.0000
0.0000 1.0000 0.0000
1.0000 1.0000
-10.0000 2.0000 0.0000
0.0000 1.0000 0.0000
1.0000 0.0000
-12.0000 4.0000 0.0000
0.0000 1.0000 0.0000
0.0000 1.0000
-12.0000 2.0000 0.0000
0.0000 1.0000 0.0000
0.0000 0.0000
-10.0000 4.0000 0.0000
0.0000 1.0000 0.0000
1.0000 1.0000
-8.0000 2.0000 0.0000
0.0000 1.0000 0.0000
1.0000 0.0000
-10.0000 4.0000 0.0000
0.0000 1.0000 0.0000
0.0000 1.0000
-10.0000 2.0000 0.0000
0.0000 1.0000 0.0000
0.0000 0.0000
-8.0000 4.0000 0.0000
0.0000 1.0000 0.0000
1.0000 1.0000
-6.0000 2.0000 0.0000
0.0000 1.0000 0.0000
1.0000 0.0000
-8.0000 4.0000 0.0000
0.0000 1.0000 0.0000
0.0000 1.0000
-8.0000 2.0000 0.0000
0.0000 1.0000 0.0000
0.0000 0.0000
-6.0000 4.0000 0.0000
0.0000 1.0000 0.0000
1.0000 1.0000
-4.0000 2.0000 0.0000
0.0000 1.0000 0.0000
1.0000 0.0000
-6.0000 4.0000 0.0000
0.0000 1.0000 0.0000
0.0000 1.0000
-6.0000 2.0000 0.0000
0.0000 1.0000 0.0000
0.0000 0.0000
-4.0000 4.0000 0.0000
0.0000 1.0000 0.0000
1.0000 1.0000
-10.0000 0.0000 0.0000
0.0000 1.0000 0.0000
1.0000 0.0000
-12.0000 2.0000 0.0000
0.0000 1.0000 0.0000
0.0000 1.0000
-12.0000 0.0000 0.0000
0.0000 1.0000 0.0000
0.0000 0.0000
-10.0000 2.0000 0.0000
0.0000 1.0000 0.0000
1.0000 1.0000
-8.0000 -0.0000 -0.0000
0.0000 1.0000 0.0000
1.0000 0.0000
-10.0000 2.0000 0.0000
0.0000 1.0000 0.0000
0.0000 1.0000
-10.0000 -0.0000 -0.0000
0.0000 1.0000 0.0000
0.0000 0.0000
-8.0000 2.0000 0.0000
0.0000 1.0000 0.0000
1.0000 1.0000
-6.0000 -0.0000 -0.0000
0.0000 1.0000 0.0000
1.0000 0.0000
-8.0000 2.0000 0.0000
0.0000 1.0000 0.0000
0.0000 1.0000
-8.0000 -0.0000 -0.0000
0.0000 1.0000 0.0000
0.0000 0.0000
-6.0000 2.0000 0.0000
0.0000 1.0000 0.0000
1.0000 1.0000
-4.0000 -0.0000 -0.0000
0.0000 1.0000 0.0000
1.0000 0.0000
-6.0000 2.0000 0.0000
0.0000 1.0000 0.0000
0.0000 1.0000
-6.0000 -0.0000 -0.0000
0.0000 1.0000 0.0000
0.0000 0.0000
-4.0000 2.0000 0.0000
0.0000 1.0000 0.0000
1.0000 1.0000
-8.0000 -2.0000 -0.0000
0.0000 1.0000 0.0000
1.0000 0.0000
-10.0000 0.0000 0.0000
0.0000 1.0000 0.0000
0.0000 1.0000
-10.0000 -2.0000 -0.0000
0.0000 1.0000 0.0000
0.0000 0.0000
-8.0000 0.0000 0.0000
0.0000 1.0000 0.0000
1.0000 1.0000
0.0000 -10.0000 -0.0000
0.0000 1.0000 0.0000
1.0000 0.0000
-2.0000 -8.0000 -0.0000
0.0000 1.0000 0.0000
0.0000 1.0000
-2.0000 -10.0000 -0.0000
0.0000 1.0000 0.0000
0.0000 0.0000
0.0000 -8.0000 -0.0000
0.0000 1.0000 0.0000
1.0000 1.0000
2.0000 -10.0000 -0.0000
0.0000 1.0000 0.0000
1.0000 0.0000
0.0000 -8.0000 -0.0000
0.0000 1.0000 0.0000
0.0000 1.0000
0.0000 -10.0000 -0.0000
0.0000 1.0000 0.0000
0.0000 0.0000
2.0000 -8.0000 -0.0000
0.0000 1.0000 0.0000
1.0000 1.0000
4.0000 -10.0000 -0.0000
0.0000 1.0000 0.0000
1.0000 0.0000
2.0000 -8.0000 -0.0000
0.0000 1.0000 0.0000
0.0000 1.0000
2.0000 -10.0000 -0.0000
0.0000 1.0000 0.0000
0.0000 0.0000
4.0000 -8.0000 -0.0000
0.0000 1.0000 0.0000
1.0000 1.0000
6.0000 -10.0000 -0.0000
0.0000 1.0000 0.0000
1.0000 0.0000
4.0000 -8.0000 -0.0000
0.0000 1.0000 0.0000
0.0000 1.0000
4.0000 -10.0000 -0.0000
0.0000 1.0000 0.0000
0.0000 0.0000
6.0000 -8.0000 -0.0000
0.0000 1.0000 0.0000
1.0000 1.0000
8.0000 -10.0000 -0.0000
0.0000 1.0000 0.0000
1.0000 0.0000
6.0000 -8.0000 -0.0000
0.0000 1.0000 0.0000
0.0000 1.0000
6.0000 -10.0000 -0.0000
0.0000 1.0000 0.0000
0.0000 0.0000
8.0000 -8.0000 -0.0000
0.0000 1.0000 0.0000
1.0000 1.0000
2.0000 -12.0000 -0.0000
0.0000 1.0000 0.0000
1.0000 0.0000
0.0000 -10.0000 -0.0000
0.0000 1.0000 0.0000
0.0000 1.0000
0.0000 -12.0000 -0.0000
0.0000 1.0000 0.0000
0.0000 0.0000
2.0000 -10.0000 -0.0000
0.0000 1.0000 0.0000
1.0000 1.0000
4.0000 -12.0000 -0.0000
0.0000 1.0000 0.0000
1.0000 0.0000
2.0000 -10.0000 -0.0000
0.0000 1.0000 0.0000
0.0000 1.0000
2.0000 -12.0000 -0.0000
0.0000 1.0000 0.0000
0.0000 0.0000
4.0000 -10.0000 -0.0000
0.0000 1.0000 0.0000
1.0000 1.0000
6.0000 -12.0000 -0.0000
0.0000 1.0000 0.0000
1.0000 0.0000
4.0000 -10.0000 -0.0000
0.0000 1.0000 0.0000
0.0000 1.0000
4.0000 -12.0000 -0.0000
0.0000 1.0000 0.0000
0.0000 0.0000
6.0000 -10.0000 -0.0000
0.0000 1.0000 0.0000
1.0000 1.0000
8.0000 -12.0000 -0.0000
0.0000 1.0000 0.0000
1.0000 0.0000
6.0000 -10.0000 -0.0000
0.0000 1.0000 0.0000
0.0000 1.0000
6.0000 -12.0000 -0.0000
0.0000 1.0000 0.0000
0.0000 0.0000
8.0000 -10.0000 -0.0000
0.0000 1.0000 0.0000
1.0000 1.0000
2.0000 -14.0000 -0.0000
0.0000 1.0000 0.0000
1.0000 0.0000
0.0000 -12.0000 -0.0000
0.0000 1.0000 0.0000
0.0000 1.0000
0.0000 -14.0000 -0.0000
0.0000 1.0000 0.0000
0.0000 0.0000
2.0000 -12.0000 -0.0000
0.0000 1.0000 0.0000
1.0000 1.0000
4.0000 -14.0000 -0.0000
0.0000 1.0000 0.0000
1.0000 0.0000
2.0000 -12.0000 -0.0000
0.0000 1.0000 0.0000
0.0000 1.0000
2.0000 -14.0000 -0.0000
0.0000 1.0000 0.0000
0.0000 0.0000
4.0000 -12.0000 -0.0000
0.0000 1.0000 0.0000
1.0000 1.0000
6.0000 -14.0000 -0.0000
0.0000 1.0000 0.0000
1.0000 0.0000
4.0000 -12.0000 -0.0000
0.0000 1.0000 0.0000
0.0000 1.0000
4.0000 -14.0000 -0.0000
0.0000 1.0000 0.0000
0.0000 0.0000
6.0000 -12.0000 -0.0000
0.0000 1.0000 0.0000
1.0000 1.0000
8.0000 -14.0000 -0.0000
0.0000 1.0000 0.0000
1.0000 0.0000
6.0000 -12.0000 -0.0000
0.0000 1.0000 0.0000
0.0000 1.0000
6.0000 -14.0000 -0.0000
0.0000 1.0000 0.0000
0.0000 0.0000
8.0000 -12.0000 -0.0000
0.0000 1.0000 0.0000
1.0000 1.0000
2.0000 -16.0000 -0.0000
0.0000 1.0000 0.0000
1.0000 0.0000
0.0000 -14.0000 -0.0000
0.0000 1.0000 0.0000
0.0000 1.0000
0.0000 -16.0000 -0.0000
0.0000 1.0000 0.0000
0.0000 0.0000
2.0000 -14.0000 -0.0000
0.0000 1.0000 0.0000
1.0000 1.0000
4.0000 -16.0000 -0.0000
0.0000 1.0000 0.0000
1.0000 0.0000
2.0000 -14.0000 -0.0000
0.0000 1.0000 0.0000
0.0000 1.0000
2.0000 -16.0000 -0.0000
0.0000 1.0000 0.0000
0.0000 0.0000
4.0000 -14.0000 -0.0000
0.0000 1.0000 0.0000
1.0000 1.0000
6.0000 -16.0000 -0.0000
0.0000 1.0000 0.0000
1.0000 0.0000
4.0000 -14.0000 -0.0000
0.0000 1.0000 0.0000
0.0000 1.0000
4.0000 -16.0000 -0.0000
0.0000 1.0000 0.0000
0.0000 0.0000
6.0000 -14.0000 -0.0000
0.0000 1.0000 0.0000
1.0000 1.0000
8.0000 -16.0000 -0.0000
0.0000 1.0000 0.0000
1.0000 0.0000
6.0000 -14.0000 -0.0000
0.0000 1.0000 0.0000
0.0000 1.0000
6.0000 -16.0000 -0.0000
0.0000 1.0000 0.0000
0.0000 0.0000
8.0000 -14.0000 -0.0000
0.0000 1.0000 0.0000
1.0000 1.0000
4.0000 -8.0000 -0.0000
0.0000 1.0000 0.0000
1.0000 0.0000
2.0000 -6.0000 -0.0000
0.0000 1.0000 0.0000
0.0000 1.0000
2.0000 -8.0000 -0.0000
0.0000 1.0000 0.0000
0.0000 0.0000
4.0000 -6.0000 -0.0000
0.0000 1.0000 0.0000
1.0000 1.0000
-8.0000 -4.0000 -0.0000
0.0000 1.0000 0.0000
1.0000 0.0000
-10.0000 -2.0000 -0.0000
0.0000 1.0000 0.0000
0.0000 1.0000
-10.0000 -4.0000 -0.0000
0.0000 1.0000 0.0000
0.0000 0.0000
-8.0000 -2.0000 -0.0000
0.0000 1.0000 0.0000
1.0000 1.0000
-8.0000 -6.0000 -0.0000
0.0000 1.0000 0.0000
1.0000 0.0000
-10.0000 -4.0000 -0.0000
0.0000 1.0000 0.0000
0.0000 1.0000
-10.0000 -6.0000 -0.0000
0.0000 1.0000 0.0000
0.0000 0.0000
-8.0000 -4.0000 -0.0000
0.0000 1.0000 0.0000
1.0000 1.0000
-8.0000 -8.0000 -0.0000
0.0000 1.0000 0.0000
1.0000 0.0000
-10.0000 -6.0000 -0.0000
0.0000 1.0000 0.0000
0.0000 1.0000
-10.0000 -8.0000 -0.0000
0.0000 1.0000 0.0000
0.0000 0.0000
-8.0000 -6.0000 -0.0000
0.0000 1.0000 0.0000
1.0000 1.0000
-8.0000 -10.0000 -0.0000
0.0000 1.0000 0.0000
1.0000 0.0000
-10.0000 -8.0000 -0.0000
0.0000 1.0000 0.0000
0.0000 1.0000
-10.0000 -10.0000 -0.0000
0.0000 1.0000 0.0000
0.0000 0.0000
-8.0000 -8.0000 -0.0000
0.0000 1.0000 0.0000
1.0000 1.0000
-2.0000 -10.0000 -0.0000
0.0000 1.0000 0.0000
1.0000 0.0000
-4.0000 -8.0000 -0.0000
0.0000 1.0000 0.0000
0.0000 1.0000
-4.0000 -10.0000 -0.0000
0.0000 1.0000 0.0000
0.0000 0.0000
-2.0000 -8.0000 -0.0000
0.0000 1.0000 0.0000
1.0000 1.0000
-4.0000 -10.0000 -0.0000
0.0000 1.0000 0.0000
1.0000 0.0000
-6.0000 -8.0000 -0.0000
0.0000 1.0000 0.0000
0.0000 1.0000
-6.0000 -10.0000 -0.0000
0.0000 1.0000 0.0000
0.0000 0.0000
-4.0000 -8.0000 -0.0000
0.0000 1.0000 0.0000
1.0000 1.0000
-6.0000 -10.0000 -0.0000
0.0000 1.0000 0.0000
1.0000 0.0000
-8.0000 -8.0000 -0.0000
0.0000 1.0000 0.0000
0.0000 1.0000
-8.0000 -10.0000 -0.0000
0.0000 1.0000 0.0000
0.0000 0.0000
-6.0000 -8.0000 -0.0000
0.0000 1.0000 0.0000
1.0000 1.0000
152 # of faces
0 1 2
3 1 0
4 5 6
7 5 4
8 9 10
11 9 8
12 13 14
15 13 12
16 17 18
19 17 16
20 21 22
23 21 20
24 25 26
27 25 24
28 29 30
31 29 28
32 33 34
35 33 32
36 37 38
39 37 36
40 41 42
43 41 40
44 45 46
47 45 44
48 49 50
51 49 48
52 53 54
55 53 52
56 57 58
59 57 56
60 61 62
63 61 60
64 65 66
67 65 64
68 69 70
71 69 68
72 73 74
75 73 72
76 77 78
79 77 76
80 81 82
83 81 80
84 85 86
87 85 84
88 89 90
91 89 88
92 93 94
95 93 92
96 97 98
99 97 96
100 101 102
103 101 100
104 105 106
107 105 104
108 109 110
111 109 108
112 113 114
115 113 112
116 117 118
119 117 116
120 121 122
123 121 120
124 125 126
127 125 124
128 129 130
131 129 128
132 133 134
135 133 132
136 137 138
139 137 136
140 141 142
143 141 140
144 145 146
147 145 144
148 149 150
151 149 148
152 153 154
155 153 152
156 157 158
159 157 156
160 161 162
163 161 160
164 165 166
167 165 164
168 169 170
171 169 168
172 173 174
175 173 172
176 177 178
179 177 176
180 181 182
183 181 180
184 185 186
187 185 184
188 189 190
191 189 188
192 193 194
195 193 192
196 197 198
199 197 196
200 201 202
203 201 200
204 205 206
207 205 204
208 209 210
211 209 208
212 213 214
215 213 212
216 217 218
219 217 216
220 221 222
223 221 220
224 225 226
227 225 224
228 229 230
231 229 228
232 233 234
235 233 232
236 237 238
239 237 236
240 241 242
243 241 240
244 245 246
247 245 244
248 249 250
251 249 248
252 253 254
255 253 252
256 257 258
259 257 256
260 261 262
263 261 260
264 265 266
267 265 264
268 269 270
271 269 268
272 273 274
275 273 272
276 277 278
279 277 276
280 281 282
283 281 280
284 285 286
287 285 284
288 289 290
291 289 288
292 293 294
295 293 292
296 297 298
299 297 296
300 301 302
303 301 300
wall
320 # number of vertices
1 # number of UV channels
0 # number of color channels
1 # number of textures
wall
0
models/wall.bmp
2.0000 2.0000 0.0000
0.0000 0.0000 1.0000
1.0000 0.0000
0.0000 2.0000 2.0000
0.0000 0.0000 1.0000
0.0000 1.0000
0.0000 2.0000 0.0000
0.0000 0.0000 1.0000
0.0000 0.0000
2.0000 2.0000 2.0000
0.0000 0.0000 1.0000
1.0000 1.0000
4.0000 2.0000 0.0000
0.0000 0.0000 1.0000
1.0000 0.0000
2.0000 2.0000 2.0000
0.0000 0.0000 1.0000
0.0000 1.0000
2.0000 2.0000 0.0000
0.0000 0.0000 1.0000
0.0000 0.0000
4.0000 2.0000 2.0000
0.0000 0.0000 1.0000
1.0000 1.0000
8.0000 2.0000 0.0000
0.0000 0.0000 1.0000
1.0000 0.0000
6.0000 2.0000 2.0000
0.0000 0.0000 1.0000
0.0000 1.0000
6.0000 2.0000 0.0000
0.0000 0.0000 1.0000
0.0000 0.0000
8.0000 2.0000 2.0000
0.0000 0.0000 1.0000
1.0000 1.0000
8.0000 0.0000 0.0000
-1.0000 0.0000 0.0000
1.0000 0.0000
8.0000 2.0000 2.0000
-1.0000 0.0000 0.0000
0.0000 1.0000
8.0000 2.0000 0.0000
-1.0000 0.0000 0.0000
0.0000 0.0000
8.0000 -0.0000 2.0000
-1.0000 0.0000 0.0000
1.0000 1.0000
0.0000 2.0000 2.0000
1.0000 0.0000 0.0000
1.0000 1.0000
0.0000 0.0000 0.0000
1.0000 0.0000 0.0000
0.0000 0.0000
0.0000 2.0000 0.0000
1.0000 0.0000 0.0000
1.0000 0.0000
0.0000 -0.0000 2.0000
1.0000 0.0000 0.0000
0.0000 1.0000
0.0000 -0.0000 2.0000
1.0000 0.0000 0.0000
1.0000 1.0000
0.0000 -2.0000 -0.0000
1.0000 0.0000 0.0000
0.0000 0.0000
0.0000 0.0000 0.0000
1.0000 0.0000 0.0000
1.0000 0.0000
0.0000 -2.0000 2.0000
1.0000 0.0000 0.0000
0.0000 1.0000
0.0000 -2.0000 2.0000
1.0000 0.0000 0.0000
1.0000 1.0000
0.0000 -4.0000 -0.0000
1.0000 0.0000 0.0000
0.0000 0.0000
0.0000 -2.0000 -0.0000
1.0000 0.0000 0.0000
1.0000 0.0000
0.0000 -4.0000 2.0000
1.0000 0.0000 0.0000
0.0000 1.0000
0.0000 -4.0000 2.0000
1.0000 0.0000 0.0000
1.0000 1.0000
0.0000 -6.0000 -0.0000
1.0000 0.0000 0.0000
0.0000 0.0000
0.0000 -4.0000 -0.0000
1.0000 0.0000 0.0000
1.0000 0.0000
0.0000 -6.0000 2.0000
1.0000 0.0000 0.0000
0.0000 1.0000
0.0000 -6.0000 2.0000
0.0000 0.0000 -1.0000
1.0000 1.0000
2.0000 -6.0000 -0.0000
0.0000 0.0000 -1.0000
0.0000 0.0000
0.0000 -6.0000 -0.0000
0.0000 0.0000 -1.0000
1.0000 0.0000
2.0000 -6.0000 2.0000
0.0000 0.0000 -1.0000
0.0000 1.0000
4.0000 -6.0000 2.0000
0.0000 0.0000 -1.0000
1.0000 1.0000
6.0000 -6.0000 -0.0000
0.0000 0.0000 -1.0000
0.0000 0.0000
4.0000 -6.0000 -0.0000
0.0000 0.0000 -1.0000
1.0000 0.0000
6.0000 -6.0000 2.0000
0.0000 0.0000 -1.0000
0.0000 1.0000
6.0000 -6.0000 2.0000
0.0000 0.0000 -1.0000
1.0000 1.0000
8.0000 -6.0000 -0.0000
0.0000 0.0000 -1.0000
0.0000 0.0000
6.0000 -6.0000 -0.0000
0.0000 0.0000 -1.0000
1.0000 0.0000
8.0000 -6.0000 2.0000
0.0000 0.0000 -1.0000
0.0000 1.0000
8.0000 -2.0000 -0.0000
-1.0000 0.0000 0.0000
1.0000 0.0000
8.0000 -0.0000 2.0000
-1.0000 0.0000 0.0000
0.0000 1.0000
8.0000 0.0000 0.0000
-1.0000 0.0000 0.0000
0.0000 0.0000
8.0000 -2.0000 2.0000
-1.0000 0.0000 0.0000
1.0000 1.0000
8.0000 -4.0000 -0.0000
-1.0000 0.0000 0.0000
1.0000 0.0000
8.0000 -2.0000 2.0000
-1.0000 0.0000 0.0000
0.0000 1.0000
8.0000 -2.0000 -0.0000
-1.0000 0.0000 0.0000
0.0000 0.0000
8.0000 -4.0000 2.0000
-1.0000 0.0000 0.0000
1.0000 1.0000
8.0000 -6.0000 -0.0000
-1.0000 0.0000 0.0000
1.0000 0.0000
8.0000 -4.0000 2.0000
-1.0000 0.0000 0.0000
0.0000 1.0000
8.0000 -4.0000 -0.0000
-1.0000 0.0000 0.0000
0.0000 0.0000
8.0000 -6.0000 2.0000
-1.0000 0.0000 0.0000
1.0000 1.0000
4.0000 4.0000 2.0000
1.0000 0.0000 0.0000
1.0000 1.0000
4.0000 2.0000 0.0000
1.0000 0.0000 0.0000
0.0000 0.0000
4.0000 4.0000 0.0000
1.0000 0.0000 0.0000
1.0000 0.0000
4.0000 2.0000 2.0000
1.0000 0.0000 0.0000
0.0000 1.0000
6.0000 2.0000 0.0000
-1.0000 0.0000 0.0000
1.0000 0.0000
6.0000 4.0000 2.0000
-1.0000 0.0000 0.0000
0.0000 1.0000
6.0000 4.0000 0.0000
-1.0000 0.0000 0.0000
0.0000 0.0000
6.0000 2.0000 2.0000
-1.0000 0.0000 0.0000
1.0000 1.0000
0.0000 12.0000 0.0000
0.0000 0.0000 1.0000
1.0000 0.0000
-2.0000 12.0000 2.0000
0.0000 0.0000 1.0000
0.0000 1.0000
-2.0000 12.0000 0.0000
0.0000 0.0000 1.0000
0.0000 0.0000
0.0000 12.0000 2.0000
0.0000 0.0000 1.0000
1.0000 1.0000
2.0000 12.0000 0.0000
0.0000 0.0000 1.0000
1.0000 0.0000
0.0000 12.0000 2.0000
0.0000 0.0000 1.0000
0.0000 1.0000
0.0000 12.0000 0.0000
0.0000 0.0000 1.0000
0.0000 0.0000
2.0000 12.0000 2.0000
0.0000 0.0000 1.0000
1.0000 1.0000
4.0000 12.0000 0.0000
0.0000 0.0000 1.0000
1.0000 0.0000
2.0000 12.0000 2.0000
0.0000 0.0000 1.0000
0.0000 1.0000
2.0000 12.0000 0.0000
0.0000 0.0000 1.0000
0.0000 0.0000
4.0000 12.0000 2.0000
0.0000 0.0000 1.0000
1.0000 1.0000
6.0000 12.0000 0.0000
0.0000 0.0000 1.0000
1.0000 0.0000
4.0000 12.0000 2.0000
0.0000 0.0000 1.0000
0.0000 1.0000
4.0000 12.0000 0.0000
0.0000 0.0000 1.0000
0.0000 0.0000
6.0000 12.0000 2.0000
0.0000 0.0000 1.0000
1.0000 1.0000
6.0000 10.0000 0.0000
-1.0000 0.0000 0.0000
1.0000 0.0000
6.0000 12.0000 2.0000
-1.0000 0.0000 0.0000
0.0000 1.0000
6.0000 12.0000 0.0000
-1.0000 0.0000 0.0000
0.0000 0.0000
6.0000 10.0000 2.0000
-1.0000 0.0000 0.0000
1.0000 1.0000
-2.0000 12.0000 2.0000
1.0000 0.0000 0.0000
1.0000 1.0000
-2.0000 10.0000 0.0000
1.0000 0.0000 0.0000
0.0000 0.0000
-2.0000 12.0000 0.0000
1.0000 0.0000 0.0000
1.0000 0.0000
-2.0000 10.0000 2.0000
1.0000 0.0000 0.0000
0.0000 1.0000
-2.0000 10.0000 2.0000
1.0000 0.0000 0.0000
1.0000 1.0000
-2.0000 8.0000 0.0000
1.0000 0.0000 0.0000
0.0000 0.0000
-2.0000 10.0000 0.0000
1.0000 0.0000 0.0000
1.0000 0.0000
-2.0000 8.0000 2.0000
1.0000 0.0000 0.0000
0.0000 1.0000
-2.0000 6.0000 2.0000
1.0000 0.0000 0.0000
1.0000 1.0000
-2.0000 4.0000 0.0000
1.0000 0.0000 0.0000
0.0000 0.0000
-2.0000 6.0000 0.0000
1.0000 0.0000 0.0000
1.0000 0.0000
-2.0000 4.0000 2.0000
1.0000 0.0000 0.0000
0.0000 1.0000
-2.0000 4.0000 2.0000
0.0000 0.0000 -1.0000
1.0000 1.0000
0.0000 4.0000 0.0000
0.0000 0.0000 -1.0000
0.0000 0.0000
-2.0000 4.0000 0.0000
0.0000 0.0000 -1.0000
1.0000 0.0000
0.0000 4.0000 2.0000
0.0000 0.0000 -1.0000
0.0000 1.0000
0.0000 4.0000 2.0000
0.0000 0.0000 -1.0000
1.0000 1.0000
2.0000 4.0000 0.0000
0.0000 0.0000 -1.0000
0.0000 0.0000
0.0000 4.0000 0.0000
0.0000 0.0000 -1.0000
1.0000 0.0000
2.0000 4.0000 2.0000
0.0000 0.0000 -1.0000
0.0000 1.0000
2.0000 4.0000 2.0000
0.0000 0.0000 -1.0000
1.0000 1.0000
4.0000 4.0000 0.0000
0.0000 0.0000 -1.0000
0.0000 0.0000
2.0000 4.0000 0.0000
0.0000 0.0000 -1.0000
1.0000 0.0000
4.0000 4.0000 2.0000
0.0000 0.0000 -1.0000
0.0000 1.0000
6.0000 8.0000 0.0000
-1.0000 0.0000 0.0000
1.0000 0.0000
6.0000 10.0000 2.0000
-1.0000 0.0000 0.0000
0.0000 1.0000
6.0000 10.0000 0.0000
-1.0000 0.0000 0.0000
0.0000 0.0000
6.0000 8.0000 2.0000
-1.0000 0.0000 0.0000
1.0000 1.0000
6.0000 6.0000 0.0000
-1.0000 0.0000 0.0000
1.0000 0.0000
6.0000 8.0000 2.0000
-1.0000 0.0000 0.0000
0.0000 1.0000
6.0000 8.0000 0.0000
-1.0000 0.0000 0.0000
0.0000 0.0000
6.0000 6.0000 2.0000
-1.0000 0.0000 0.0000
1.0000 1.0000
6.0000 4.0000 0.0000
-1.0000 0.0000 0.0000
1.0000 0.0000
6.0000 6.0000 2.0000
-1.0000 0.0000 0.0000
0.0000 1.0000
6.0000 6.0000 0.0000
-1.0000 0.0000 0.0000
0.0000 0.0000
6.0000 4.0000 2.0000
-1.0000 0.0000 0.0000
1.0000 1.0000
-4.0000 6.0000 2.0000
0.0000 0.0000 -1.0000
1.0000 1.0000
-2.0000 6.0000 0.0000
0.0000 0.0000 -1.0000
0.0000 0.0000
-4.0000 6.0000 0.0000
0.0000 0.0000 -1.0000
1.0000 0.0000
-2.0000 6.0000 2.0000
0.0000 0.0000 -1.0000
0.0000 1.0000
-2.0000 8.0000 0.0000
0.0000 0.0000 1.0000
1.0000 0.0000
-4.0000 8.0000 2.0000
0.0000 0.0000 1.0000
0.0000 1.0000
-4.0000 8.0000 0.0000
0.0000 0.0000 1.0000
0.0000 0.0000
-2.0000 8.0000 2.0000
0.0000 0.0000 1.0000
1.0000 1.0000
-10.0000 8.0000 0.0000
0.0000 0.0000 1.0000
1.0000 0.0000
-12.0000 8.0000 2.0000
0.0000 0.0000 1.0000
0.0000 1.0000
-12.0000 8.0000 0.0000
0.0000 0.0000 1.0000
0.0000 0.0000
-10.0000 8.0000 2.0000
0.0000 0.0000 1.0000
1.0000 1.0000
-8.0000 8.0000 0.0000
0.0000 0.0000 1.0000
1.0000 0.0000
-10.0000 8.0000 2.0000
0.0000 0.0000 1.0000
0.0000 1.0000
-10.0000 8.0000 0.0000
0.0000 0.0000 1.0000
0.0000 0.0000
-8.0000 8.0000 2.0000
0.0000 0.0000 1.0000
1.0000 1.0000
-6.0000 8.0000 0.0000
0.0000 0.0000 1.0000
1.0000 0.0000
-8.0000 8.0000 2.0000
0.0000 0.0000 1.0000
0.0000 1.0000
-8.0000 8.0000 0.0000
0.0000 0.0000 1.0000
0.0000 0.0000
-6.0000 8.0000 2.0000
0.0000 0.0000 1.0000
1.0000 1.0000
-4.0000 8.0000 0.0000
0.0000 0.0000 1.0000
1.0000 0.0000
-6.0000 8.0000 2.0000
0.0000 0.0000 1.0000
0.0000 1.0000
-6.0000 8.0000 0.0000
0.0000 0.0000 1.0000
0.0000 0.0000
-4.0000 8.0000 2.0000
0.0000 0.0000 1.0000
1.0000 1.0000
-12.0000 8.0000 2.0000
1.0000 0.0000 0.0000
1.0000 1.0000
-12.0000 6.0000 0.0000
1.0000 0.0000 0.0000
0.0000 0.0000
-12.0000 8.0000 0.0000
1.0000 0.0000 0.0000
1.0000 0.0000
-12.0000 6.0000 2.0000
1.0000 0.0000 0.0000
0.0000 1.0000
-12.0000 6.0000 2.0000
1.0000 0.0000 0.0000
1.0000 1.0000
-12.0000 4.0000 0.0000
1.0000 0.0000 0.0000
0.0000 0.0000
-12.0000 6.0000 0.0000
1.0000 0.0000 0.0000
1.0000 0.0000
-12.0000 4.0000 2.0000
1.0000 0.0000 0.0000
0.0000 1.0000
-12.0000 4.0000 2.0000
1.0000 0.0000 0.0000
1.0000 1.0000
-12.0000 2.0000 0.0000
1.0000 0.0000 0.0000
0.0000 0.0000
-12.0000 4.0000 0.0000
1.0000 0.0000 0.0000
1.0000 0.0000
-12.0000 2.0000 2.0000
1.0000 0.0000 0.0000
0.0000 1.0000
-12.0000 2.0000 2.0000
1.0000 0.0000 0.0000
1.0000 1.0000
-12.0000 0.0000 0.0000
1.0000 0.0000 0.0000
0.0000 0.0000
-12.0000 2.0000 0.0000
1.0000 0.0000 0.0000
1.0000 0.0000
-12.0000 0.0000 2.0000
1.0000 0.0000 0.0000
0.0000 1.0000
-12.0000 0.0000 2.0000
0.0000 0.0000 -1.0000
1.0000 1.0000
-10.0000 0.0000 0.0000
0.0000 0.0000 -1.0000
0.0000 0.0000
-12.0000 0.0000 0.0000
0.0000 0.0000 -1.0000
1.0000 0.0000
-10.0000 0.0000 2.0000
0.0000 0.0000 -1.0000
0.0000 1.0000
-8.0000 0.0000 2.0000
0.0000 0.0000 -1.0000
1.0000 1.0000
-6.0000 0.0000 0.0000
0.0000 0.0000 -1.0000
0.0000 0.0000
-8.0000 0.0000 0.0000
0.0000 0.0000 -1.0000
1.0000 0.0000
-6.0000 0.0000 2.0000
0.0000 0.0000 -1.0000
0.0000 1.0000
-6.0000 0.0000 2.0000
0.0000 0.0000 -1.0000
1.0000 1.0000
-4.0000 0.0000 0.0000
0.0000 0.0000 -1.0000
0.0000 0.0000
-6.0000 0.0000 0.0000
0.0000 0.0000 -1.0000
1.0000 0.0000
-4.0000 0.0000 2.0000
0.0000 0.0000 -1.0000
0.0000 1.0000
-4.0000 4.0000 0.0000
-1.0000 0.0000 0.0000
1.0000 0.0000
-4.0000 6.0000 2.0000
-1.0000 0.0000 0.0000
0.0000 1.0000
-4.0000 6.0000 0.0000
-1.0000 0.0000 0.0000
0.0000 0.0000
-4.0000 4.0000 2.0000
-1.0000 0.0000 0.0000
1.0000 1.0000
-4.0000 2.0000 0.0000
-1.0000 0.0000 0.0000
1.0000 0.0000
-4.0000 4.0000 2.0000
-1.0000 0.0000 0.0000
0.0000 1.0000
-4.0000 4.0000 0.0000
-1.0000 0.0000 0.0000
0.0000 0.0000
-4.0000 2.0000 2.0000
-1.0000 0.0000 0.0000
1.0000 1.0000
-4.0000 0.0000 0.0000
-1.0000 0.0000 0.0000
1.0000 0.0000
-4.0000 2.0000 2.0000
-1.0000 0.0000 0.0000
0.0000 1.0000
-4.0000 2.0000 0.0000
-1.0000 0.0000 0.0000
0.0000 0.0000
-4.0000 0.0000 2.0000
-1.0000 0.0000 0.0000
1.0000 1.0000
-10.0000 0.0000 2.0000
1.0000 0.0000 0.0000
1.0000 1.0000
-10.0000 -2.0000 -0.0000
1.0000 0.0000 0.0000
0.0000 0.0000
-10.0000 0.0000 0.0000
1.0000 0.0000 0.0000
1.0000 0.0000
-10.0000 -2.0000 2.0000
1.0000 0.0000 0.0000
0.0000 1.0000
-8.0000 -2.0000 -0.0000
-1.0000 0.0000 0.0000
1.0000 0.0000
-8.0000 0.0000 2.0000
-1.0000 0.0000 0.0000
0.0000 1.0000
-8.0000 0.0000 0.0000
-1.0000 0.0000 0.0000
0.0000 0.0000
-8.0000 -2.0000 2.0000
-1.0000 0.0000 0.0000
1.0000 1.0000
-2.0000 -10.0000 2.0000
0.0000 0.0000 -1.0000
1.0000 1.0000
0.0000 -10.0000 -0.0000
0.0000 0.0000 -1.0000
0.0000 0.0000
-2.0000 -10.0000 -0.0000
0.0000 0.0000 -1.0000
1.0000 0.0000
0.0000 -10.0000 2.0000
0.0000 0.0000 -1.0000
0.0000 1.0000
0.0000 -8.0000 -0.0000
0.0000 0.0000 1.0000
1.0000 0.0000
-2.0000 -8.0000 2.0000
0.0000 0.0000 1.0000
0.0000 1.0000
-2.0000 -8.0000 -0.0000
0.0000 0.0000 1.0000
0.0000 0.0000
0.0000 -8.0000 2.0000
0.0000 0.0000 1.0000
1.0000 1.0000
2.0000 -8.0000 -0.0000
0.0000 0.0000 1.0000
1.0000 0.0000
0.0000 -8.0000 2.0000
0.0000 0.0000 1.0000
0.0000 1.0000
0.0000 -8.0000 -0.0000
0.0000 0.0000 1.0000
0.0000 0.0000
2.0000 -8.0000 2.0000
0.0000 0.0000 1.0000
1.0000 1.0000
6.0000 -8.0000 -0.0000
0.0000 0.0000 1.0000
1.0000 0.0000
4.0000 -8.0000 2.0000
0.0000 0.0000 1.0000
0.0000 1.0000
4.0000 -8.0000 -0.0000
0.0000 0.0000 1.0000
0.0000 0.0000
6.0000 -8.0000 2.0000
0.0000 0.0000 1.0000
1.0000 1.0000
8.0000 -8.0000 -0.0000
0.0000 0.0000 1.0000
1.0000 0.0000
6.0000 -8.0000 2.0000
0.0000 0.0000 1.0000
0.0000 1.0000
6.0000 -8.0000 -0.0000
0.0000 0.0000 1.0000
0.0000 0.0000
8.0000 -8.0000 2.0000
0.0000 0.0000 1.0000
1.0000 1.0000
8.0000 -10.0000 -0.0000
-1.0000 0.0000 0.0000
1.0000 0.0000
8.0000 -8.0000 2.0000
-1.0000 0.0000 0.0000
0.0000 1.0000
8.0000 -8.0000 -0.0000
-1.0000 0.0000 0.0000
0.0000 0.0000
8.0000 -10.0000 2.0000
-1.0000 0.0000 0.0000
1.0000 1.0000
0.0000 -10.0000 2.0000
1.0000 0.0000 0.0000
1.0000 1.0000
0.0000 -12.0000 -0.0000
1.0000 0.0000 0.0000
0.0000 0.0000
0.0000 -10.0000 -0.0000
1.0000 0.0000 0.0000
1.0000 0.0000
0.0000 -12.0000 2.0000
1.0000 0.0000 0.0000
0.0000 1.0000
0.0000 -12.0000 2.0000
1.0000 0.0000 0.0000
1.0000 1.0000
0.0000 -14.0000 -0.0000
1.0000 0.0000 0.0000
0.0000 0.0000
0.0000 -12.0000 -0.0000
1.0000 0.0000 0.0000
1.0000 0.0000
0.0000 -14.0000 2.0000
1.0000 0.0000 0.0000
0.0000 1.0000
0.0000 -14.0000 2.0000
1.0000 0.0000 0.0000
1.0000 1.0000
0.0000 -16.0000 -0.0000
1.0000 0.0000 0.0000
0.0000 0.0000
0.0000 -14.0000 -0.0000
1.0000 0.0000 0.0000
1.0000 0.0000
0.0000 -16.0000 2.0000
1.0000 0.0000 0.0000
0.0000 1.0000
0.0000 -16.0000 2.0000
0.0000 0.0000 -1.0000
1.0000 1.0000
2.0000 -16.0000 -0.0000
0.0000 0.0000 -1.0000
0.0000 0.0000
0.0000 -16.0000 -0.0000
0.0000 0.0000 -1.0000
1.0000 0.0000
2.0000 -16.0000 2.0000
0.0000 0.0000 -1.0000
0.0000 1.0000
2.0000 -16.0000 2.0000
0.0000 0.0000 -1.0000
1.0000 1.0000
4.0000 -16.0000 -0.0000
0.0000 0.0000 -1.0000
0.0000 0.0000
2.0000 -16.0000 -0.0000
0.0000 0.0000 -1.0000
1.0000 0.0000
4.0000 -16.0000 2.0000
0.0000 0.0000 -1.0000
0.0000 1.0000
4.0000 -16.0000 2.0000
0.0000 0.0000 -1.0000
1.0000 1.0000
6.0000 -16.0000 -0.0000
0.0000 0.0000 -1.0000
0.0000 0.0000
4.0000 -16.0000 -0.0000
0.0000 0.0000 -1.0000
1.0000 0.0000
6.0000 -16.0000 2.0000
0.0000 0.0000 -1.0000
0.0000 1.0000
6.0000 -16.0000 2.0000
0.0000 0.0000 -1.0000
1.0000 1.0000
8.0000 -16.0000 -0.0000
0.0000 0.0000 -1.0000
0.0000 0.0000
6.0000 -16.0000 -0.0000
0.0000 0.0000 -1.0000
1.0000 0.0000
8.0000 -16.0000 2.0000
0.0000 0.0000 -1.0000
0.0000 1.0000
8.0000 -12.0000 -0.0000
-1.0000 0.0000 0.0000
1.0000 0.0000
8.0000 -10.0000 2.0000
-1.0000 0.0000 0.0000
0.0000 1.0000
8.0000 -10.0000 -0.0000
-1.0000 0.0000 0.0000
0.0000 0.0000
8.0000 -12.0000 2.0000
-1.0000 0.0000 0.0000
1.0000 1.0000
8.0000 -14.0000 -0.0000
-1.0000 0.0000 0.0000
1.0000 0.0000
8.0000 -12.0000 2.0000
-1.0000 0.0000 0.0000
0.0000 1.0000
8.0000 -12.0000 -0.0000
-1.0000 0.0000 0.0000
0.0000 0.0000
8.0000 -14.0000 2.0000
-1.0000 0.0000 0.0000
1.0000 1.0000
8.0000 -16.0000 -0.0000
-1.0000 0.0000 0.0000
1.0000 0.0000
8.0000 -14.0000 2.0000
-1.0000 0.0000 0.0000
0.0000 1.0000
8.0000 -14.0000 -0.0000
-1.0000 0.0000 0.0000
0.0000 0.0000
8.0000 -16.0000 2.0000
-1.0000 0.0000 0.0000
1.0000 1.0000
2.0000 -6.0000 2.0000
1.0000 0.0000 0.0000
1.0000 1.0000
2.0000 -8.0000 -0.0000
1.0000 0.0000 0.0000
0.0000 0.0000
2.0000 -6.0000 -0.0000
1.0000 0.0000 0.0000
1.0000 0.0000
2.0000 -8.0000 2.0000
1.0000 0.0000 0.0000
0.0000 1.0000
4.0000 -8.0000 -0.0000
-1.0000 0.0000 0.0000
1.0000 0.0000
4.0000 -6.0000 2.0000
-1.0000 0.0000 0.0000
0.0000 1.0000
4.0000 -6.0000 -0.0000
-1.0000 0.0000 0.0000
0.0000 0.0000
4.0000 -8.0000 2.0000
-1.0000 0.0000 0.0000
1.0000 1.0000
-10.0000 -2.0000 2.0000
1.0000 0.0000 0.0000
1.0000 1.0000
-10.0000 -4.0000 -0.0000
1.0000 0.0000 0.0000
0.0000 0.0000
-10.0000 -2.0000 -0.0000
1.0000 0.0000 0.0000
1.0000 0.0000
-10.0000 -4.0000 2.0000
1.0000 0.0000 0.0000
0.0000 1.0000
-8.0000 -4.0000 -0.0000
-1.0000 0.0000 0.0000
1.0000 0.0000
-8.0000 -2.0000 2.0000
-1.0000 0.0000 0.0000
0.0000 1.0000
-8.0000 -2.0000 -0.0000
-1.0000 0.0000 0.0000
0.0000 0.0000
-8.0000 -4.0000 2.0000
-1.0000 0.0000 0.0000
1.0000 1.0000
-10.0000 -4.0000 2.0000
1.0000 0.0000 0.0000
1.0000 1.0000
-10.0000 -6.0000 -0.0000
1.0000 0.0000 0.0000
0.0000 0.0000
-10.0000 -4.0000 -0.0000
1.0000 0.0000 0.0000
1.0000 0.0000
-10.0000 -6.0000 2.0000
1.0000 0.0000 0.0000
0.0000 1.0000
-8.0000 -6.0000 -0.0000
-1.0000 0.0000 0.0000
1.0000 0.0000
-8.0000 -4.0000 2.0000
-1.0000 0.0000 0.0000
0.0000 1.0000
-8.0000 -4.0000 -0.0000
-1.0000 0.0000 0.0000
0.0000 0.0000
-8.0000 -6.0000 2.0000
-1.0000 0.0000 0.0000
1.0000 1.0000
-10.0000 -6.0000 2.0000
1.0000 0.0000 0.0000
1.0000 1.0000
-10.0000 -8.0000 -0.0000
1.0000 0.0000 0.0000
0.0000 0.0000
-10.0000 -6.0000 -0.0000
1.0000 0.0000 0.0000
1.0000 0.0000
-10.0000 -8.0000 2.0000
1.0000 0.0000 0.0000
0.0000 1.0000
-8.0000 -8.0000 -0.0000
-1.0000 0.0000 0.0000
1.0000 0.0000
-8.0000 -6.0000 2.0000
-1.0000 0.0000 0.0000
0.0000 1.0000
-8.0000 -6.0000 -0.0000
-1.0000 0.0000 0.0000
0.0000 0.0000
-8.0000 -8.0000 2.0000
-1.0000 0.0000 0.0000
1.0000 1.0000
-10.0000 -10.0000 2.0000
0.0000 0.0000 -1.0000
1.0000 1.0000
-8.0000 -10.0000 -0.0000
0.0000 0.0000 -1.0000
0.0000 0.0000
-10.0000 -10.0000 -0.0000
0.0000 0.0000 -1.0000
1.0000 0.0000
-8.0000 -10.0000 2.0000
0.0000 0.0000 -1.0000
0.0000 1.0000
-10.0000 -8.0000 2.0000
1.0000 0.0000 0.0000
1.0000 1.0000
-10.0000 -10.0000 -0.0000
1.0000 0.0000 0.0000
0.0000 0.0000
-10.0000 -8.0000 -0.0000
1.0000 0.0000 0.0000
1.0000 0.0000
-10.0000 -10.0000 2.0000
1.0000 0.0000 0.0000
0.0000 1.0000
-4.0000 -10.0000 2.0000
0.0000 0.0000 -1.0000
1.0000 1.0000
-2.0000 -10.0000 -0.0000
0.0000 0.0000 -1.0000
0.0000 0.0000
-4.0000 -10.0000 -0.0000
0.0000 0.0000 -1.0000
1.0000 0.0000
-2.0000 -10.0000 2.0000
0.0000 0.0000 -1.0000
0.0000 1.0000
-2.0000 -8.0000 -0.0000
0.0000 0.0000 1.0000
1.0000 0.0000
-4.0000 -8.0000 2.0000
0.0000 0.0000 1.0000
0.0000 1.0000
-4.0000 -8.0000 -0.0000
0.0000 0.0000 1.0000
0.0000 0.0000
-2.0000 -8.0000 2.0000
0.0000 0.0000 1.0000
1.0000 1.0000
-6.0000 -10.0000 2.0000
0.0000 0.0000 -1.0000
1.0000 1.0000
-4.0000 -10.0000 -0.0000
0.0000 0.0000 -1.0000
0.0000 0.0000
-6.0000 -10.0000 -0.0000
0.0000 0.0000 -1.0000
1.0000 0.0000
-4.0000 -10.0000 2.0000
0.0000 0.0000 -1.0000
0.0000 1.0000
-4.0000 -8.0000 -0.0000
0.0000 0.0000 1.0000
1.0000 0.0000
-6.0000 -8.0000 2.0000
0.0000 0.0000 1.0000
0.0000 1.0000
-6.0000 -8.0000 -0.0000
0.0000 0.0000 1.0000
0.0000 0.0000
-4.0000 -8.0000 2.0000
0.0000 0.0000 1.0000
1.0000 1.0000
-8.0000 -10.0000 2.0000
0.0000 0.0000 -1.0000
1.0000 1.0000
-6.0000 -10.0000 -0.0000
0.0000 0.0000 -1.0000
0.0000 0.0000
-8.0000 -10.0000 -0.0000
0.0000 0.0000 -1.0000
1.0000 0.0000
-6.0000 -10.0000 2.0000
0.0000 0.0000 -1.0000
0.0000 1.0000
-6.0000 -8.0000 -0.0000
0.0000 0.0000 1.0000
1.0000 0.0000
-8.0000 -8.0000 2.0000
0.0000 0.0000 1.0000
0.0000 1.0000
-8.0000 -8.0000 -0.0000
0.0000 0.0000 1.0000
0.0000 0.0000
-6.0000 -8.0000 2.0000
0.0000 0.0000 1.0000
1.0000 1.0000
160 # of faces
0 1 2
3 1 0
4 5 6
7 5 4
8 9 10
11 9 8
12 13 14
15 13 12
16 17 18
16 19 17
20 21 22
20 23 21
24 25 26
24 27 25
28 29 30
28 31 29
32 33 34
32 35 33
36 37 38
36 39 37
40 41 42
40 43 41
44 45 46
47 45 44
48 49 50
51 49 48
52 53 54
55 53 52
56 57 58
56 59 57
60 61 62
63 61 60
64 65 66
67 65 64
68 69 70
71 69 68
72 73 74
75 73 72
76 77 78
79 77 76
80 81 82
83 81 80
84 85 86
84 87 85
88 89 90
88 91 89
92 93 94
92 95 93
96 97 98
96 99 97
100 101 102
100 103 101
104 105 106
104 107 105
108 109 110
111 109 108
112 113 114
115 113 112
116 117 118
119 117 116
120 121 122
120 123 121
124 125 126
127 125 124
128 129 130
131 129 128
132 133 134
135 133 132
136 137 138
139 137 136
140 141 142
143 141 140
144 145 146
144 147 145
148 149 150
148 151 149
152 153 154
152 155 153
156 157 158
156 159 157
160 161 162
160 163 161
164 165 166
164 167 165
168 169 170
168 171 169
172 173 174
175 173 172
176 177 178
179 177 176
180 181 182
183 181 180
184 185 186
184 187 185
188 189 190
191 189 188
192 193 194
192 195 193
196 197 198
199 197 196
200 201 202
203 201 200
204 205 206
207 205 204
208 209 210
211 209 208
212 213 214
215 213 212
216 217 218
216 219 217
220 221 222
220 223 221
224 225 226
224 227 225
228 229 230
228 231 229
232 233 234
232 235 233
236 237 238
236 239 237
240 241 242
240 243 241
244 245 246
247 245 244
248 249 250
251 249 248
252 253 254
255 253 252
256 257 258
256 259 257
260 261 262
263 261 260
264 265 266
264 267 265
268 269 270
271 269 268
272 273 274
272 275 273
276 277 278
279 277 276
280 281 282
280 283 281
284 285 286
287 285 284
288 289 290
288 291 289
292 293 294
292 295 293
296 297 298
296 299 297
300 301 302
303 301 300
304 305 306
304 307 305
308 309 310
311 309 308
312 313 314
312 315 313
316 317 318
319 317 316
