1 # number of bones
jnt_001
-1
0.0 0.0 0.0
1.0 0.0 0.0 0.0 0.0 0.0 -1.0 0.0 0.0 1.0 0.0 0.0 0.0 0.0 0.0 1.0
4 # number of animations
open_L
1 # number of keyframed bones
jnt_001
2 # number of keys
0
0.0 0.0 0.0
1.0 0.0 0.0 0.0
1.0 1.0 1.0
29
0.0 0.0 0.0
0.7074764966964722 0.0 -0.7067369222640991 0.0
1.0 1.0 1.0
close_L
1 # number of keyframed bones
jnt_001
2 # number of keys
0
0.0 0.0 0.0
0.7074764966964722 0.0 -0.7067369222640991 0.0
1.0 1.0 1.0
29
0.0 0.0 0.0
1.0 0.0 0.0 0.0
1.0 1.0 1.0
slide_L
1 # number of keyframed bones
jnt_001
2 # number of keys
0
0.0 0.0 0.0
1.0 0.0 0.0 0.0
1.0 1.0 1.0
29
-2.0 0.0 0.0
1.0 0.0 0.0 0.0
1.0 1.0 1.0
slide_R
1 # number of keyframed bones
jnt_001
2 # number of keys
0
0.0 0.0 0.0
1.0 0.0 0.0 0.0
1.0 1.0 1.0
29
2.0 0.0 0.0
1.0 0.0 0.0 0.0
1.0 1.0 1.0
1 # number of meshes
door
24 # number of vertices
1 # number of UV channels
0 # number of color channels
1 # number of textures
door
0
models\door.bmp
0.2500 -0.0000 2.0000
0.0000 0.0000 -1.0000
1.0000 1.0000
0 0 0 0
1.0000 0.0000 0.0000 0.0000
0.2500 -2.0000 0.0000
0.0000 0.0000 -1.0000
0.0000 0.0000
0 0 0 0
1.0000 0.0000 0.0000 0.0000
0.2500 -0.0000 0.0000
0.0000 0.0000 -1.0000
1.0000 0.0000
0 0 0 0
1.0000 0.0000 0.0000 0.0000
0.2500 -2.0000 2.0000
0.0000 0.0000 -1.0000
0.0000 1.0000
0 0 0 0
1.0000 0.0000 0.0000 0.0000
-0.2500 -2.0000 -0.0000
0.0000 0.0000 1.0000
1.0000 0.0000
0 0 0 0
1.0000 0.0000 0.0000 0.0000
-0.2500 0.0000 2.0000
0.0000 0.0000 1.0000
0.0000 1.0000
0 0 0 0
1.0000 0.0000 0.0000 0.0000
-0.2500 0.0000 -0.0000
0.0000 0.0000 1.0000
0.0000 0.0000
0 0 0 0
1.0000 0.0000 0.0000 0.0000
-0.2500 -2.0000 2.0000
0.0000 0.0000 1.0000
1.0000 1.0000
0 0 0 0
1.0000 0.0000 0.0000 0.0000
0.2500 -2.0000 0.0000
0.0000 -1.0000 0.0000
0.0000 1.0000
0 0 0 0
1.0000 0.0000 0.0000 0.0000
0.2500 -0.0000 0.0000
0.0000 -1.0000 0.0000
1.0000 1.0000
0 0 0 0
1.0000 0.0000 0.0000 0.0000
-0.2500 -2.0000 -0.0000
0.0000 -1.0000 0.0000
0.0000 0.0000
0 0 0 0
1.0000 0.0000 0.0000 0.0000
-0.2500 0.0000 -0.0000
0.0000 -1.0000 0.0000
1.0000 0.0000
0 0 0 0
1.0000 0.0000 0.0000 0.0000
0.2500 -0.0000 2.0000
0.0000 1.0000 0.0000
0.0000 1.0000
0 0 0 0
1.0000 0.0000 0.0000 0.0000
0.2500 -2.0000 2.0000
0.0000 1.0000 0.0000
1.0000 1.0000
0 0 0 0
1.0000 0.0000 0.0000 0.0000
-0.2500 0.0000 2.0000
0.0000 1.0000 0.0000
0.0000 0.0000
0 0 0 0
1.0000 0.0000 0.0000 0.0000
-0.2500 -2.0000 2.0000
0.0000 1.0000 0.0000
1.0000 0.0000
0 0 0 0
1.0000 0.0000 0.0000 0.0000
0.2500 -2.0000 0.0000
1.0000 0.0000 0.0000
1.0000 0.0000
0 0 0 0
1.0000 0.0000 0.0000 0.0000
0.2500 -2.0000 2.0000
1.0000 0.0000 0.0000
1.0000 1.0000
0 0 0 0
1.0000 0.0000 0.0000 0.0000
-0.2500 -2.0000 -0.0000
1.0000 0.0000 0.0000
0.0000 0.0000
0 0 0 0
1.0000 0.0000 0.0000 0.0000
-0.2500 -2.0000 2.0000
1.0000 0.0000 0.0000
0.0000 1.0000
0 0 0 0
1.0000 0.0000 0.0000 0.0000
0.2500 -0.0000 2.0000
-1.0000 0.0000 0.0000
0.0000 1.0000
0 0 0 0
1.0000 0.0000 0.0000 0.0000
0.2500 -0.0000 0.0000
-1.0000 0.0000 0.0000
0.0000 0.0000
0 0 0 0
1.0000 0.0000 0.0000 0.0000
-0.2500 0.0000 2.0000
-1.0000 0.0000 0.0000
1.0000 1.0000
0 0 0 0
1.0000 0.0000 0.0000 0.0000
-0.2500 0.0000 -0.0000
-1.0000 0.0000 0.0000
1.0000 0.0000
0 0 0 0
1.0000 0.0000 0.0000 0.0000
12 # of faces
0 1 2
0 3 1
4 5 6
7 5 4
9 10 11
10 9 8
15 12 14
12 15 13
18 17 19
16 17 18
21 22 20
23 22 21
