0 # number of bones
0 # number of animations
1 # number of collision meshes
62 # number of collision vertices
-8.0000 -8.0000 2.0000
-10.0000 -10.0000 2.0000
-10.0000 -10.0000 -0.0000
-8.0000 -8.0000 -0.0000
0.0000 -8.0000 2.0000
8.0000 -8.0000 -0.0000
8.0000 -8.0000 2.0000
0.0000 -10.0000 2.0000
0.0000 -10.0000 -0.0000
0.0000 -16.0000 2.0000
8.0000 -16.0000 -0.0000
8.0000 -16.0000 2.0000
0.0000 -8.0000 -0.0000
0.0000 -16.0000 -0.0000
0.0000 2.0000 2.0000
8.0000 -6.0000 2.0000
8.0000 2.0000 2.0000
0.0000 -6.0000 -0.0000
0.0000 -6.0000 2.0000
2.0000 -6.0000 -0.0000
0.0000 2.0000 0.0000
8.0000 2.0000 0.0000
8.0000 -6.0000 -0.0000
6.0000 2.0000 2.0000
6.0000 2.0000 0.0000
4.0000 4.0000 0.0000
4.0000 2.0000 0.0000
4.0000 2.0000 2.0000
4.0000 4.0000 2.0000
6.0000 4.0000 0.0000
4.0000 -8.0000 2.0000
2.0000 -8.0000 2.0000
2.0000 -6.0000 2.0000
4.0000 -6.0000 2.0000
2.0000 -8.0000 -0.0000
4.0000 -8.0000 -0.0000
4.0000 -6.0000 -0.0000
-2.0000 12.0000 2.0000
-2.0000 12.0000 0.0000
6.0000 12.0000 0.0000
6.0000 12.0000 2.0000
-2.0000 4.0000 0.0000
-2.0000 6.0000 0.0000
-2.0000 4.0000 2.0000
6.0000 4.0000 2.0000
-2.0000 6.0000 2.0000
-4.0000 6.0000 0.0000
-2.0000 8.0000 0.0000
-4.0000 8.0000 0.0000
-2.0000 8.0000 2.0000
-4.0000 8.0000 2.0000
-4.0000 6.0000 2.0000
-12.0000 8.0000 2.0000
-8.0000 -0.0000 2.0000
-4.0000 -0.0000 2.0000
-12.0000 0.0000 2.0000
-10.0000 0.0000 2.0000
-12.0000 8.0000 0.0000
-12.0000 0.0000 0.0000
-8.0000 -0.0000 -0.0000
-10.0000 -0.0000 -0.0000
-4.0000 -0.0000 -0.0000
98 # number of collision faces
7 0 4
0 56 53
31 19 32
8 3 2
3 60 2
9 8 7
6 10 11
7 2 1
13 5 12
16 18 14
44 27 28
21 17 22
25 24 29
45 41 42
22 33 15
33 35 30
52 48 50
44 37 40
38 29 39
49 51 50
48 42 47
50 47 49
45 46 51
44 39 29
37 39 40
55 57 52
56 58 55
23 21 16
32 17 18
37 47 38
19 35 36
33 31 32
61 53 54
25 43 28
23 29 24
51 61 54
1 60 56
10 9 11
50 55 52
16 22 15
58 48 57
27 25 28
3 53 59
3 4 0
34 4 12
17 14 18
27 20 26
9 6 11
6 35 5
7 1 0
0 1 56
31 34 19
8 12 3
3 59 60
9 13 8
6 5 10
7 8 2
13 10 5
16 15 18
44 23 27
21 20 17
25 26 24
45 43 41
22 36 33
33 36 35
52 57 48
44 43 37
38 41 29
49 45 51
48 46 42
50 48 47
45 42 46
44 40 39
37 38 39
55 58 57
56 60 58
23 24 21
32 19 17
37 49 47
19 34 35
33 30 31
61 59 53
25 41 43
23 44 29
51 46 61
1 2 60
10 13 9
50 54 55
16 21 22
58 61 48
27 26 25
3 0 53
3 12 4
34 31 4
17 20 14
27 14 20
9 4 6
6 30 35
3 # of materials
ceiling
0 # material index
1 # of textures
ceiling
diffuse
0
models\ceiling.bmp
wall
1 # material index
1 # of textures
wall
diffuse
0
models\wall.bmp
floor
2 # material index
1 # of textures
floor
diffuse
0
models\floor.bmp
8 # number of meshes
room_001
83 # number of vertices
1 # number of UV channels
0 # number of color channels
0.0000 -8.0000 2.0000
0.0000 0.0000 -1.0000
1.0000 1.0000
2.0000 -10.0000 2.0000
0.0000 0.0000 -1.0000
1.0000 1.0000
0.0000 -10.0000 2.0000
0.0000 0.0000 -1.0000
1.0000 1.0000
2.0000 -8.0000 2.0000
0.0000 0.0000 -1.0000
1.0000 1.0000
4.0000 -10.0000 2.0000
0.0000 0.0000 -1.0000
1.0000 1.0000
4.0000 -8.0000 2.0000
0.0000 0.0000 -1.0000
1.0000 1.0000
6.0000 -10.0000 2.0000
0.0000 0.0000 -1.0000
1.0000 1.0000
6.0000 -8.0000 2.0000
0.0000 0.0000 -1.0000
1.0000 1.0000
8.0000 -10.0000 2.0000
0.0000 0.0000 -1.0000
0.0000 1.0000
8.0000 -8.0000 2.0000
0.0000 0.0000 -1.0000
0.0000 1.0000
2.0000 -12.0000 2.0000
0.0000 0.0000 -1.0000
1.0000 1.0000
0.0000 -12.0000 2.0000
0.0000 0.0000 -1.0000
1.0000 1.0000
4.0000 -12.0000 2.0000
0.0000 0.0000 -1.0000
1.0000 1.0000
6.0000 -12.0000 2.0000
0.0000 0.0000 -1.0000
1.0000 1.0000
8.0000 -12.0000 2.0000
0.0000 0.0000 -1.0000
0.0000 1.0000
2.0000 -14.0000 2.0000
0.0000 0.0000 -1.0000
1.0000 1.0000
0.0000 -14.0000 2.0000
0.0000 0.0000 -1.0000
1.0000 0.0000
4.0000 -14.0000 2.0000
0.0000 0.0000 -1.0000
1.0000 1.0000
6.0000 -14.0000 2.0000
0.0000 0.0000 -1.0000
1.0000 1.0000
8.0000 -14.0000 2.0000
0.0000 0.0000 -1.0000
0.0000 1.0000
-0.0000 -14.0000 2.0000
0.0000 0.0000 -1.0000
1.0000 1.0000
2.0000 -16.0000 2.0000
0.0000 0.0000 -1.0000
1.0000 0.0000
-0.0000 -16.0000 2.0000
0.0000 0.0000 -1.0000
1.0000 0.0000
4.0000 -16.0000 2.0000
0.0000 0.0000 -1.0000
1.0000 0.0000
6.0000 -16.0000 2.0000
0.0000 0.0000 -1.0000
1.0000 0.0000
8.0000 -16.0000 2.0000
0.0000 0.0000 -1.0000
0.0000 0.0000
2.0000 -8.0000 -0.0000
0.0000 -1.0000 0.0000
1.0000 0.0000
0.0000 -8.0000 2.0000
0.0000 -1.0000 0.0000
0.0000 1.0000
0.0000 -8.0000 -0.0000
0.0000 -1.0000 0.0000
0.0000 0.0000
2.0000 -8.0000 2.0000
0.0000 -1.0000 0.0000
1.0000 1.0000
6.0000 -8.0000 -0.0000
0.0000 -1.0000 0.0000
0.0000 0.0000
4.0000 -8.0000 2.0000
0.0000 -1.0000 0.0000
0.0000 1.0000
4.0000 -8.0000 -0.0000
0.0000 -1.0000 0.0000
0.0000 0.0000
6.0000 -8.0000 2.0000
0.0000 -1.0000 0.0000
0.0000 1.0000
8.0000 -8.0000 -0.0000
-0.7071 -0.7071 0.0000
0.0000 0.0000
8.0000 -8.0000 2.0000
-0.7071 -0.7071 0.0000
0.0000 1.0000
8.0000 -10.0000 -0.0000
-1.0000 0.0000 0.0000
0.0000 0.0000
8.0000 -10.0000 2.0000
-1.0000 0.0000 0.0000
0.0000 1.0000
0.0000 -10.0000 2.0000
1.0000 0.0000 0.0000
1.0000 1.0000
0.0000 -12.0000 -0.0000
1.0000 0.0000 0.0000
1.0000 0.0000
0.0000 -10.0000 -0.0000
1.0000 0.0000 0.0000
1.0000 0.0000
0.0000 -12.0000 2.0000
1.0000 0.0000 0.0000
1.0000 1.0000
0.0000 -14.0000 -0.0000
1.0000 0.0000 0.0000
1.0000 0.0000
0.0000 -14.0000 2.0000
1.0000 0.0000 0.0000
1.0000 1.0000
0.0000 -16.0000 -0.0000
0.7071 0.7071 0.0000
1.0000 0.0000
0.0000 -16.0000 2.0000
0.7071 0.7071 0.0000
1.0000 1.0000
2.0000 -16.0000 -0.0000
0.0000 1.0000 0.0000
1.0000 0.0000
2.0000 -16.0000 2.0000
0.0000 1.0000 0.0000
1.0000 1.0000
4.0000 -16.0000 -0.0000
0.0000 1.0000 0.0000
1.0000 0.0000
4.0000 -16.0000 2.0000
0.0000 1.0000 0.0000
1.0000 1.0000
6.0000 -16.0000 -0.0000
0.0000 1.0000 0.0000
1.0000 0.0000
6.0000 -16.0000 2.0000
0.0000 1.0000 0.0000
1.0000 1.0000
8.0000 -16.0000 -0.0000
-0.7071 0.7071 0.0000
1.0000 0.0000
8.0000 -16.0000 2.0000
-0.7071 0.7071 0.0000
1.0000 1.0000
8.0000 -12.0000 -0.0000
-1.0000 0.0000 0.0000
0.0000 0.0000
8.0000 -12.0000 2.0000
-1.0000 0.0000 0.0000
0.0000 1.0000
8.0000 -14.0000 -0.0000
-1.0000 0.0000 0.0000
0.0000 0.0000
8.0000 -14.0000 2.0000
-1.0000 0.0000 0.0000
0.0000 1.0000
2.0000 -10.0000 -0.0000
0.0000 0.0000 1.0000
0.0000 1.0000
0.0000 -8.0000 -0.0000
0.0000 0.0000 1.0000
0.0000 1.0000
0.0000 -10.0000 -0.0000
0.0000 0.0000 1.0000
0.0000 1.0000
2.0000 -8.0000 -0.0000
0.0000 0.0000 1.0000
0.0000 1.0000
4.0000 -10.0000 -0.0000
0.0000 0.0000 1.0000
0.0000 1.0000
4.0000 -8.0000 -0.0000
0.0000 0.0000 1.0000
0.0000 1.0000
6.0000 -10.0000 -0.0000
0.0000 0.0000 1.0000
0.0000 1.0000
6.0000 -8.0000 -0.0000
0.0000 0.0000 1.0000
0.0000 1.0000
8.0000 -10.0000 -0.0000
0.0000 0.0000 1.0000
1.0000 1.0000
8.0000 -8.0000 -0.0000
0.0000 0.0000 1.0000
1.0000 1.0000
2.0000 -12.0000 -0.0000
0.0000 0.0000 1.0000
0.0000 1.0000
0.0000 -12.0000 -0.0000
0.0000 0.0000 1.0000
0.0000 1.0000
4.0000 -12.0000 -0.0000
0.0000 0.0000 1.0000
0.0000 1.0000
6.0000 -12.0000 -0.0000
0.0000 0.0000 1.0000
0.0000 1.0000
8.0000 -12.0000 -0.0000
0.0000 0.0000 1.0000
1.0000 1.0000
2.0000 -14.0000 -0.0000
0.0000 0.0000 1.0000
0.0000 1.0000
0.0000 -14.0000 -0.0000
0.0000 0.0000 1.0000
0.0000 1.0000
4.0000 -14.0000 -0.0000
0.0000 0.0000 1.0000
0.0000 1.0000
6.0000 -14.0000 -0.0000
0.0000 0.0000 1.0000
0.0000 1.0000
8.0000 -14.0000 -0.0000
0.0000 0.0000 1.0000
1.0000 1.0000
2.0000 -16.0000 -0.0000
0.0000 0.0000 1.0000
0.0000 0.0000
0.0000 -16.0000 -0.0000
0.0000 0.0000 1.0000
0.0000 0.0000
4.0000 -16.0000 -0.0000
0.0000 0.0000 1.0000
0.0000 0.0000
6.0000 -16.0000 -0.0000
0.0000 0.0000 1.0000
0.0000 0.0000
8.0000 -16.0000 -0.0000
0.0000 0.0000 1.0000
1.0000 0.0000
92 # number of total faces
3 # number of submeshes
32 # number of faces
0 # material index
0 1 2
0 3 1
3 4 1
3 5 4
5 6 4
5 7 6
7 8 6
7 9 8
2 10 11
2 1 10
1 12 10
1 4 12
4 13 12
4 6 13
6 14 13
6 8 14
11 15 16
11 10 15
10 17 15
10 12 17
12 18 17
12 13 18
13 19 18
13 14 19
20 21 22
20 15 21
15 23 21
15 17 23
17 24 23
17 18 24
18 25 24
18 19 25
28 # number of faces
1 # material index
26 27 28
29 27 26
30 31 32
33 31 30
34 33 30
35 33 34
36 35 34
37 35 36
38 39 40
38 41 39
41 42 39
41 43 42
43 44 42
43 45 44
45 46 44
45 47 46
47 48 46
47 49 48
49 50 48
49 51 50
51 52 50
51 53 52
54 37 36
55 37 54
56 55 54
57 55 56
52 57 56
53 57 52
32 # number of faces
2 # material index
58 59 60
61 59 58
62 61 58
63 61 62
64 63 62
65 63 64
66 65 64
67 65 66
68 60 69
58 60 68
70 58 68
62 58 70
71 62 70
64 62 71
72 64 71
66 64 72
73 69 74
68 69 73
75 68 73
70 68 75
76 70 75
71 70 76
77 71 76
72 71 77
78 74 79
73 74 78
80 73 78
75 73 80
81 75 80
76 75 81
82 76 81
77 76 82
room_002
16 # number of vertices
1 # number of UV channels
0 # number of color channels
2.0000 -8.0000 2.0000
0.0000 0.0000 -1.0000
1.0000 0.0000
4.0000 -8.0000 2.0000
0.0000 0.0000 -1.0000
0.0000 0.0000
2.0000 -6.0000 2.0000
0.0000 0.0000 -1.0000
1.0000 1.0000
4.0000 -6.0000 2.0000
0.0000 0.0000 -1.0000
0.0000 1.0000
2.0000 -8.0000 -0.0000
1.0000 0.0000 0.0000
0.0000 0.0000
2.0000 -8.0000 2.0000
1.0000 0.0000 0.0000
0.0000 1.0000
4.0000 -8.0000 2.0000
-1.0000 0.0000 0.0000
1.0000 1.0000
4.0000 -8.0000 -0.0000
-1.0000 0.0000 0.0000
1.0000 0.0000
2.0000 -6.0000 2.0000
1.0000 0.0000 0.0000
1.0000 1.0000
2.0000 -6.0000 -0.0000
1.0000 0.0000 0.0000
1.0000 0.0000
4.0000 -6.0000 2.0000
-1.0000 0.0000 0.0000
0.0000 1.0000
4.0000 -6.0000 -0.0000
-1.0000 0.0000 0.0000
0.0000 0.0000
2.0000 -8.0000 -0.0000
0.0000 0.0000 1.0000
0.0000 0.0000
4.0000 -8.0000 -0.0000
0.0000 0.0000 1.0000
1.0000 0.0000
2.0000 -6.0000 -0.0000
0.0000 0.0000 1.0000
0.0000 1.0000
4.0000 -6.0000 -0.0000
0.0000 0.0000 1.0000
1.0000 1.0000
8 # number of total faces
3 # number of submeshes
2 # number of faces
0 # material index
2 1 0
2 3 1
4 # number of faces
1 # material index
8 4 9
8 5 4
7 10 11
6 10 7
2 # number of faces
2 # material index
13 14 12
15 14 13
room_003
96 # number of vertices
1 # number of UV channels
0 # number of color channels
0.0000 2.0000 2.0000
0.0000 0.0000 -1.0000
1.0000 1.0000
2.0000 -0.0000 2.0000
0.0000 0.0000 -1.0000
1.0000 1.0000
0.0000 -0.0000 2.0000
0.0000 0.0000 -1.0000
1.0000 0.0000
2.0000 2.0000 2.0000
0.0000 0.0000 -1.0000
1.0000 1.0000
4.0000 -0.0000 2.0000
0.0000 0.0000 -1.0000
1.0000 0.0000
2.0000 -0.0000 2.0000
0.0000 0.0000 -1.0000
1.0000 0.0000
4.0000 2.0000 2.0000
0.0000 0.0000 -1.0000
1.0000 1.0000
6.0000 -0.0000 2.0000
0.0000 0.0000 -1.0000
0.0000 0.0000
6.0000 2.0000 2.0000
0.0000 0.0000 -1.0000
1.0000 1.0000
8.0000 -0.0000 2.0000
0.0000 0.0000 -1.0000
0.0000 0.0000
6.0000 -0.0000 2.0000
0.0000 0.0000 -1.0000
1.0000 0.0000
8.0000 2.0000 2.0000
0.0000 0.0000 -1.0000
0.0000 1.0000
-0.0000 -0.0000 2.0000
0.0000 0.0000 -1.0000
1.0000 1.0000
2.0000 -2.0000 2.0000
0.0000 0.0000 -1.0000
1.0000 1.0000
-0.0000 -2.0000 2.0000
0.0000 0.0000 -1.0000
1.0000 0.0000
4.0000 -2.0000 2.0000
0.0000 0.0000 -1.0000
1.0000 1.0000
4.0000 -0.0000 2.0000
0.0000 0.0000 -1.0000
1.0000 1.0000
6.0000 -2.0000 2.0000
0.0000 0.0000 -1.0000
1.0000 1.0000
6.0000 -0.0000 2.0000
0.0000 0.0000 -1.0000
1.0000 1.0000
8.0000 -2.0000 2.0000
0.0000 0.0000 -1.0000
0.0000 1.0000
8.0000 -0.0000 2.0000
0.0000 0.0000 -1.0000
0.0000 1.0000
-0.0000 -2.0000 2.0000
0.0000 0.0000 -1.0000
1.0000 1.0000
2.0000 -4.0000 2.0000
0.0000 0.0000 -1.0000
1.0000 1.0000
-0.0000 -4.0000 2.0000
0.0000 0.0000 -1.0000
1.0000 0.0000
4.0000 -4.0000 2.0000
0.0000 0.0000 -1.0000
1.0000 1.0000
6.0000 -4.0000 2.0000
0.0000 0.0000 -1.0000
1.0000 1.0000
8.0000 -4.0000 2.0000
0.0000 0.0000 -1.0000
0.0000 1.0000
-0.0000 -4.0000 2.0000
0.0000 0.0000 -1.0000
1.0000 1.0000
2.0000 -6.0000 2.0000
0.0000 0.0000 -1.0000
1.0000 0.0000
-0.0000 -6.0000 2.0000
0.0000 0.0000 -1.0000
1.0000 0.0000
4.0000 -6.0000 2.0000
0.0000 0.0000 -1.0000
1.0000 0.0000
6.0000 -6.0000 2.0000
0.0000 0.0000 -1.0000
1.0000 0.0000
8.0000 -6.0000 2.0000
0.0000 0.0000 -1.0000
0.0000 0.0000
2.0000 2.0000 0.0000
0.0000 -1.0000 0.0000
0.0000 0.0000
0.0000 2.0000 2.0000
0.7071 -0.7071 0.0000
1.0000 1.0000
0.0000 2.0000 0.0000
0.7071 -0.7071 0.0000
1.0000 0.0000
2.0000 2.0000 2.0000
0.0000 -1.0000 0.0000
0.0000 1.0000
4.0000 2.0000 0.0000
0.0000 -1.0000 0.0000
1.0000 0.0000
4.0000 2.0000 2.0000
0.0000 -1.0000 0.0000
1.0000 1.0000
8.0000 2.0000 0.0000
-0.7071 -0.7071 0.0000
0.0000 0.0000
6.0000 2.0000 2.0000
0.0000 -1.0000 0.0000
0.0000 1.0000
6.0000 2.0000 0.0000
0.0000 -1.0000 0.0000
0.0000 0.0000
8.0000 2.0000 2.0000
-0.7071 -0.7071 0.0000
0.0000 1.0000
8.0000 0.0000 0.0000
-1.0000 0.0000 0.0000
0.0000 0.0000
8.0000 -0.0000 2.0000
-1.0000 0.0000 0.0000
0.0000 1.0000
0.0000 0.0000 0.0000
1.0000 0.0000 0.0000
1.0000 0.0000
0.0000 -0.0000 2.0000
1.0000 0.0000 0.0000
1.0000 1.0000
0.0000 -2.0000 -0.0000
1.0000 0.0000 0.0000
1.0000 0.0000
0.0000 -2.0000 2.0000
1.0000 0.0000 0.0000
1.0000 1.0000
0.0000 -4.0000 -0.0000
1.0000 0.0000 0.0000
1.0000 0.0000
0.0000 -4.0000 2.0000
1.0000 0.0000 0.0000
1.0000 1.0000
0.0000 -6.0000 -0.0000
0.7071 0.7071 0.0000
1.0000 0.0000
0.0000 -6.0000 2.0000
0.7071 0.7071 0.0000
1.0000 1.0000
2.0000 -6.0000 -0.0000
0.0000 1.0000 0.0000
0.0000 0.0000
2.0000 -6.0000 2.0000
0.0000 1.0000 0.0000
0.0000 1.0000
4.0000 -6.0000 2.0000
0.0000 1.0000 0.0000
1.0000 1.0000
6.0000 -6.0000 -0.0000
0.0000 1.0000 0.0000
1.0000 0.0000
4.0000 -6.0000 -0.0000
0.0000 1.0000 0.0000
1.0000 0.0000
6.0000 -6.0000 2.0000
0.0000 1.0000 0.0000
1.0000 1.0000
8.0000 -6.0000 -0.0000
-0.7071 0.7071 0.0000
1.0000 0.0000
8.0000 -6.0000 2.0000
-0.7071 0.7071 0.0000
1.0000 1.0000
8.0000 -2.0000 -0.0000
-1.0000 0.0000 0.0000
0.0000 0.0000
8.0000 -2.0000 2.0000
-1.0000 0.0000 0.0000
0.0000 1.0000
8.0000 -4.0000 -0.0000
-1.0000 0.0000 0.0000
0.0000 0.0000
8.0000 -4.0000 2.0000
-1.0000 0.0000 0.0000
0.0000 1.0000
2.0000 0.0000 0.0000
0.0000 0.0000 1.0000
0.0000 1.0000
0.0000 2.0000 0.0000
0.0000 0.0000 1.0000
0.0000 1.0000
0.0000 0.0000 0.0000
0.0000 0.0000 1.0000
0.0000 1.0000
2.0000 2.0000 0.0000
0.0000 0.0000 1.0000
0.0000 1.0000
4.0000 -0.0000 -0.0000
0.0000 0.0000 1.0000
0.0000 0.0000
2.0000 -0.0000 -0.0000
0.0000 0.0000 1.0000
0.0000 0.0000
4.0000 2.0000 0.0000
0.0000 0.0000 1.0000
0.0000 1.0000
6.0000 -0.0000 -0.0000
0.0000 0.0000 1.0000
1.0000 0.0000
6.0000 2.0000 0.0000
0.0000 0.0000 1.0000
0.0000 1.0000
8.0000 -0.0000 -0.0000
0.0000 0.0000 1.0000
1.0000 0.0000
6.0000 -0.0000 -0.0000
0.0000 0.0000 1.0000
0.0000 0.0000
8.0000 2.0000 0.0000
0.0000 0.0000 1.0000
1.0000 1.0000
2.0000 -2.0000 -0.0000
0.0000 0.0000 1.0000
0.0000 1.0000
0.0000 -2.0000 -0.0000
0.0000 0.0000 1.0000
0.0000 0.0000
4.0000 -2.0000 -0.0000
0.0000 0.0000 1.0000
0.0000 1.0000
4.0000 0.0000 0.0000
0.0000 0.0000 1.0000
0.0000 1.0000
6.0000 -2.0000 -0.0000
0.0000 0.0000 1.0000
0.0000 1.0000
6.0000 0.0000 0.0000
0.0000 0.0000 1.0000
0.0000 1.0000
8.0000 -2.0000 -0.0000
0.0000 0.0000 1.0000
1.0000 1.0000
8.0000 0.0000 0.0000
0.0000 0.0000 1.0000
1.0000 1.0000
2.0000 -4.0000 -0.0000
0.0000 0.0000 1.0000
0.0000 1.0000
-0.0000 -2.0000 -0.0000
0.0000 0.0000 1.0000
0.0000 1.0000
-0.0000 -4.0000 -0.0000
0.0000 0.0000 1.0000
0.0000 1.0000
4.0000 -4.0000 -0.0000
0.0000 0.0000 1.0000
0.0000 1.0000
6.0000 -4.0000 -0.0000
0.0000 0.0000 1.0000
0.0000 1.0000
8.0000 -4.0000 -0.0000
0.0000 0.0000 1.0000
1.0000 1.0000
2.0000 -6.0000 -0.0000
0.0000 0.0000 1.0000
0.0000 0.0000
-0.0000 -6.0000 -0.0000
0.0000 0.0000 1.0000
0.0000 0.0000
4.0000 -6.0000 -0.0000
0.0000 0.0000 1.0000
0.0000 0.0000
6.0000 -6.0000 -0.0000
0.0000 0.0000 1.0000
0.0000 0.0000
8.0000 -6.0000 -0.0000
0.0000 0.0000 1.0000
1.0000 0.0000
92 # number of total faces
3 # number of submeshes
32 # number of faces
0 # material index
0 1 2
0 3 1
3 4 5
3 6 4
6 7 4
6 8 7
8 9 10
8 11 9
12 13 14
12 1 13
1 15 13
1 16 15
16 17 15
16 18 17
18 19 17
18 20 19
21 22 23
21 13 22
13 24 22
13 15 24
15 25 24
15 17 25
17 26 25
17 19 26
27 28 29
27 22 28
22 30 28
22 24 30
24 31 30
24 25 31
25 32 31
25 26 32
28 # number of faces
1 # material index
33 34 35
36 34 33
37 36 33
38 36 37
39 40 41
42 40 39
43 42 39
44 42 43
34 45 35
34 46 45
46 47 45
46 48 47
48 49 47
48 50 49
50 51 49
50 52 51
52 53 51
52 54 53
55 56 57
55 58 56
58 59 56
58 60 59
61 44 43
62 44 61
63 62 61
64 62 63
59 64 63
60 64 59
32 # number of faces
2 # material index
65 66 67
68 66 65
69 68 70
71 68 69
72 71 69
73 71 72
74 73 75
76 73 74
77 67 78
65 67 77
79 65 77
80 65 79
81 80 79
82 80 81
83 82 81
84 82 83
85 86 87
77 86 85
88 77 85
79 77 88
89 79 88
81 79 89
90 81 89
83 81 90
91 87 92
85 87 91
93 85 91
88 85 93
94 88 93
89 88 94
95 89 94
90 89 95
room_004
16 # number of vertices
1 # number of UV channels
0 # number of color channels
4.0000 2.0000 2.0000
0.0000 0.0000 -1.0000
1.0000 0.0000
6.0000 2.0000 2.0000
0.0000 0.0000 -1.0000
0.0000 0.0000
4.0000 4.0000 2.0000
0.0000 0.0000 -1.0000
1.0000 1.0000
6.0000 4.0000 2.0000
0.0000 0.0000 -1.0000
0.0000 1.0000
4.0000 2.0000 0.0000
0.0000 0.0000 1.0000
0.0000 0.0000
6.0000 2.0000 0.0000
0.0000 0.0000 1.0000
1.0000 0.0000
4.0000 4.0000 0.0000
0.0000 0.0000 1.0000
0.0000 1.0000
6.0000 4.0000 0.0000
0.0000 0.0000 1.0000
1.0000 1.0000
4.0000 2.0000 0.0000
1.0000 0.0000 0.0000
0.0000 0.0000
4.0000 2.0000 2.0000
1.0000 0.0000 0.0000
0.0000 1.0000
6.0000 2.0000 2.0000
-1.0000 0.0000 0.0000
1.0000 1.0000
6.0000 2.0000 0.0000
-1.0000 0.0000 0.0000
1.0000 0.0000
4.0000 4.0000 2.0000
1.0000 0.0000 0.0000
1.0000 1.0000
4.0000 4.0000 0.0000
1.0000 0.0000 0.0000
1.0000 0.0000
6.0000 4.0000 2.0000
-1.0000 0.0000 0.0000
0.0000 1.0000
6.0000 4.0000 0.0000
-1.0000 0.0000 0.0000
0.0000 0.0000
8 # number of total faces
3 # number of submeshes
2 # number of faces
0 # material index
2 1 0
2 3 1
2 # number of faces
2 # material index
5 6 4
7 6 5
4 # number of faces
1 # material index
12 8 13
12 9 8
11 14 15
10 14 11
room_005
84 # number of vertices
1 # number of UV channels
0 # number of color channels
6.0000 4.0000 0.0000
0.0000 0.0000 1.0000
1.0000 0.0000
4.0000 4.0000 0.0000
0.0000 0.0000 1.0000
1.0000 0.0000
2.0000 4.0000 0.0000
0.0000 0.0000 1.0000
1.0000 0.0000
-2.0000 4.0000 0.0000
0.0000 0.0000 1.0000
0.0000 0.0000
-0.0000 4.0000 0.0000
0.0000 0.0000 1.0000
1.0000 0.0000
6.0000 6.0000 0.0000
0.0000 0.0000 1.0000
1.0000 0.0000
4.0000 6.0000 0.0000
0.0000 0.0000 1.0000
1.0000 0.0000
2.0000 6.0000 0.0000
0.0000 0.0000 1.0000
1.0000 0.0000
-0.0000 8.0000 0.0000
0.0000 0.0000 1.0000
1.0000 1.0000
-2.0000 6.0000 0.0000
0.0000 0.0000 1.0000
0.0000 0.0000
-0.0000 6.0000 0.0000
0.0000 0.0000 1.0000
1.0000 0.0000
6.0000 8.0000 0.0000
0.0000 0.0000 1.0000
1.0000 0.0000
4.0000 8.0000 0.0000
0.0000 0.0000 1.0000
1.0000 0.0000
2.0000 8.0000 0.0000
0.0000 0.0000 1.0000
1.0000 0.0000
-2.0000 8.0000 0.0000
0.0000 0.0000 1.0000
0.0000 0.0000
0.0000 8.0000 0.0000
0.0000 0.0000 1.0000
1.0000 0.0000
6.0000 12.0000 0.0000
0.0000 0.0000 1.0000
1.0000 1.0000
6.0000 10.0000 0.0000
0.0000 0.0000 1.0000
1.0000 0.0000
4.0000 12.0000 0.0000
0.0000 0.0000 1.0000
1.0000 1.0000
4.0000 10.0000 0.0000
0.0000 0.0000 1.0000
1.0000 0.0000
2.0000 12.0000 0.0000
0.0000 0.0000 1.0000
1.0000 1.0000
2.0000 10.0000 0.0000
0.0000 0.0000 1.0000
1.0000 0.0000
0.0000 12.0000 0.0000
0.0000 0.0000 1.0000
1.0000 1.0000
-2.0000 10.0000 0.0000
0.0000 0.0000 1.0000
0.0000 0.0000
-2.0000 12.0000 0.0000
0.0000 0.0000 1.0000
0.0000 1.0000
0.0000 10.0000 0.0000
0.0000 0.0000 1.0000
1.0000 0.0000
6.0000 4.0000 2.0000
-1.0000 0.0000 0.0000
1.0000 1.0000
6.0000 4.0000 0.0000
-1.0000 0.0000 0.0000
1.0000 0.0000
6.0000 6.0000 2.0000
-1.0000 0.0000 0.0000
1.0000 1.0000
6.0000 6.0000 0.0000
-1.0000 0.0000 0.0000
1.0000 0.0000
6.0000 8.0000 2.0000
-1.0000 0.0000 0.0000
1.0000 1.0000
6.0000 8.0000 0.0000
-1.0000 0.0000 0.0000
1.0000 0.0000
4.0000 4.0000 2.0000
0.0000 1.0000 0.0000
0.0000 1.0000
4.0000 4.0000 0.0000
0.0000 1.0000 0.0000
0.0000 0.0000
2.0000 4.0000 2.0000
0.0000 1.0000 0.0000
0.0000 1.0000
2.0000 4.0000 0.0000
0.0000 1.0000 0.0000
0.0000 0.0000
0.0000 4.0000 2.0000
0.0000 1.0000 0.0000
0.0000 1.0000
0.0000 4.0000 0.0000
0.0000 1.0000 0.0000
0.0000 0.0000
-2.0000 4.0000 2.0000
0.7071 0.7071 0.0000
0.0000 1.0000
-2.0000 6.0000 0.0000
1.0000 0.0000 0.0000
1.0000 0.0000
-2.0000 4.0000 0.0000
0.7071 0.7071 0.0000
0.0000 0.0000
-2.0000 6.0000 2.0000
1.0000 0.0000 0.0000
1.0000 1.0000
-2.0000 8.0000 2.0000
1.0000 0.0000 0.0000
0.0000 1.0000
-2.0000 8.0000 0.0000
1.0000 0.0000 0.0000
0.0000 0.0000
-2.0000 10.0000 2.0000
1.0000 0.0000 0.0000
0.0000 1.0000
-2.0000 10.0000 0.0000
1.0000 0.0000 0.0000
0.0000 0.0000
6.0000 10.0000 2.0000
-1.0000 0.0000 0.0000
1.0000 1.0000
6.0000 10.0000 0.0000
-1.0000 0.0000 0.0000
1.0000 0.0000
6.0000 12.0000 2.0000
-0.7071 -0.7071 0.0000
1.0000 1.0000
6.0000 12.0000 0.0000
-0.7071 -0.7071 0.0000
1.0000 0.0000
4.0000 12.0000 2.0000
0.0000 -1.0000 0.0000
1.0000 1.0000
4.0000 12.0000 0.0000
0.0000 -1.0000 0.0000
1.0000 0.0000
2.0000 12.0000 2.0000
0.0000 -1.0000 0.0000
1.0000 1.0000
2.0000 12.0000 0.0000
0.0000 -1.0000 0.0000
1.0000 0.0000
0.0000 12.0000 2.0000
0.0000 -1.0000 0.0000
1.0000 1.0000
-2.0000 12.0000 0.0000
0.7071 -0.7071 0.0000
0.0000 0.0000
-2.0000 12.0000 2.0000
0.7071 -0.7071 0.0000
0.0000 1.0000
0.0000 12.0000 0.0000
0.0000 -1.0000 0.0000
1.0000 0.0000
6.0000 4.0000 2.0000
0.0000 0.0000 -1.0000
0.0000 0.0000
4.0000 4.0000 2.0000
0.0000 0.0000 -1.0000
0.0000 0.0000
2.0000 4.0000 2.0000
0.0000 0.0000 -1.0000
0.0000 0.0000
-2.0000 4.0000 2.0000
0.0000 0.0000 -1.0000
1.0000 0.0000
-0.0000 4.0000 2.0000
0.0000 0.0000 -1.0000
0.0000 0.0000
6.0000 6.0000 2.0000
0.0000 0.0000 -1.0000
0.0000 0.0000
4.0000 6.0000 2.0000
0.0000 0.0000 -1.0000
0.0000 0.0000
2.0000 6.0000 2.0000
0.0000 0.0000 -1.0000
0.0000 0.0000
-2.0000 6.0000 2.0000
0.0000 0.0000 -1.0000
1.0000 0.0000
-0.0000 6.0000 2.0000
0.0000 0.0000 -1.0000
0.0000 0.0000
6.0000 8.0000 2.0000
0.0000 0.0000 -1.0000
0.0000 0.0000
4.0000 8.0000 2.0000
0.0000 0.0000 -1.0000
0.0000 0.0000
2.0000 8.0000 2.0000
0.0000 0.0000 -1.0000
0.0000 0.0000
-0.0000 10.0000 2.0000
0.0000 0.0000 -1.0000
0.0000 1.0000
-2.0000 8.0000 2.0000
0.0000 0.0000 -1.0000
1.0000 0.0000
-0.0000 8.0000 2.0000
0.0000 0.0000 -1.0000
0.0000 0.0000
6.0000 12.0000 2.0000
0.0000 0.0000 -1.0000
0.0000 1.0000
6.0000 10.0000 2.0000
0.0000 0.0000 -1.0000
0.0000 0.0000
4.0000 12.0000 2.0000
0.0000 0.0000 -1.0000
0.0000 1.0000
4.0000 10.0000 2.0000
0.0000 0.0000 -1.0000
0.0000 0.0000
2.0000 12.0000 2.0000
0.0000 0.0000 -1.0000
0.0000 1.0000
2.0000 10.0000 2.0000
0.0000 0.0000 -1.0000
0.0000 0.0000
0.0000 12.0000 2.0000
0.0000 0.0000 -1.0000
0.0000 1.0000
-2.0000 10.0000 2.0000
0.0000 0.0000 -1.0000
1.0000 0.0000
0.0000 10.0000 2.0000
0.0000 0.0000 -1.0000
0.0000 0.0000
-2.0000 12.0000 2.0000
0.0000 0.0000 -1.0000
1.0000 1.0000
92 # number of total faces
3 # number of submeshes
32 # number of faces
0 # material index
64 63 58
64 58 59
65 64 59
65 59 60
67 65 60
67 60 62
66 67 62
66 62 61
69 68 63
69 63 64
70 69 64
70 64 65
73 70 65
73 65 67
72 73 67
72 67 66
77 75 68
77 68 69
79 77 69
79 69 70
71 79 70
71 70 73
81 71 73
81 73 72
76 74 75
76 75 77
78 76 77
78 77 79
80 78 79
80 79 82
83 80 82
83 82 81
28 # number of faces
1 # material index
26 28 27
27 28 29
28 30 29
29 30 31
30 46 31
31 46 47
34 32 33
34 33 35
36 34 35
36 35 37
38 36 37
38 37 40
41 38 40
41 40 39
44 42 43
44 43 45
56 44 45
56 45 55
46 48 47
47 48 49
48 50 49
49 50 51
50 52 51
51 52 53
52 54 53
53 54 57
54 56 57
57 56 55
32 # number of faces
2 # material index
5 6 0
0 6 1
6 7 1
1 7 2
7 10 2
2 10 4
10 9 4
4 9 3
11 12 5
5 12 6
12 13 6
6 13 7
13 8 7
7 8 10
8 14 10
10 14 9
17 19 11
11 19 12
19 21 12
12 21 13
21 25 13
13 25 15
25 23 15
15 23 14
16 18 17
17 18 19
18 20 19
19 20 21
20 22 21
21 22 25
22 24 25
25 24 23
room_006
16 # number of vertices
1 # number of UV channels
0 # number of color channels
-4.0000 8.0000 2.0000
0.0000 0.0000 -1.0000
1.0000 1.0000
-2.0000 6.0000 2.0000
0.0000 0.0000 -1.0000
0.0000 0.0000
-4.0000 6.0000 2.0000
0.0000 0.0000 -1.0000
1.0000 0.0000
-2.0000 8.0000 2.0000
0.0000 0.0000 -1.0000
0.0000 1.0000
-2.0000 6.0000 0.0000
0.0000 0.0000 1.0000
1.0000 0.0000
-4.0000 8.0000 0.0000
0.0000 0.0000 1.0000
0.0000 1.0000
-4.0000 6.0000 0.0000
0.0000 0.0000 1.0000
0.0000 0.0000
-2.0000 8.0000 0.0000
0.0000 0.0000 1.0000
1.0000 1.0000
-4.0000 6.0000 2.0000
0.0000 1.0000 0.0000
1.0000 1.0000
-2.0000 6.0000 0.0000
0.0000 1.0000 0.0000
0.0000 0.0000
-4.0000 6.0000 0.0000
0.0000 1.0000 0.0000
1.0000 0.0000
-2.0000 6.0000 2.0000
0.0000 1.0000 0.0000
0.0000 1.0000
-2.0000 8.0000 0.0000
0.0000 -1.0000 0.0000
1.0000 0.0000
-4.0000 8.0000 2.0000
0.0000 -1.0000 0.0000
0.0000 1.0000
-4.0000 8.0000 0.0000
0.0000 -1.0000 0.0000
0.0000 0.0000
-2.0000 8.0000 2.0000
0.0000 -1.0000 0.0000
1.0000 1.0000
8 # number of total faces
3 # number of submeshes
2 # number of faces
0 # material index
0 1 2
0 3 1
2 # number of faces
2 # material index
4 5 6
7 5 4
4 # number of faces
1 # material index
8 9 10
8 11 9
12 13 14
15 13 12
room_007
83 # number of vertices
1 # number of UV channels
0 # number of color channels
-4.0000 8.0000 2.0000
0.0000 0.0000 -1.0000
0.0000 1.0000
-4.0000 6.0000 2.0000
0.0000 0.0000 -1.0000
0.0000 1.0000
-12.0000 8.0000 2.0000
0.0000 0.0000 -1.0000
1.0000 1.0000
-10.0000 6.0000 2.0000
0.0000 0.0000 -1.0000
1.0000 1.0000
-12.0000 6.0000 2.0000
0.0000 0.0000 -1.0000
1.0000 1.0000
-10.0000 8.0000 2.0000
0.0000 0.0000 -1.0000
1.0000 1.0000
-8.0000 6.0000 2.0000
0.0000 0.0000 -1.0000
1.0000 1.0000
-8.0000 8.0000 2.0000
0.0000 0.0000 -1.0000
1.0000 1.0000
-6.0000 6.0000 2.0000
0.0000 0.0000 -1.0000
1.0000 1.0000
-6.0000 8.0000 2.0000
0.0000 0.0000 -1.0000
1.0000 1.0000
-10.0000 4.0000 2.0000
0.0000 0.0000 -1.0000
1.0000 1.0000
-12.0000 4.0000 2.0000
0.0000 0.0000 -1.0000
1.0000 1.0000
-8.0000 4.0000 2.0000
0.0000 0.0000 -1.0000
1.0000 1.0000
-6.0000 4.0000 2.0000
0.0000 0.0000 -1.0000
1.0000 1.0000
-4.0000 4.0000 2.0000
0.0000 0.0000 -1.0000
0.0000 1.0000
-10.0000 2.0000 2.0000
0.0000 0.0000 -1.0000
1.0000 1.0000
-12.0000 2.0000 2.0000
0.0000 0.0000 -1.0000
1.0000 1.0000
-8.0000 2.0000 2.0000
0.0000 0.0000 -1.0000
1.0000 1.0000
-6.0000 2.0000 2.0000
0.0000 0.0000 -1.0000
1.0000 1.0000
-4.0000 2.0000 2.0000
0.0000 0.0000 -1.0000
0.0000 1.0000
-10.0000 -0.0000 2.0000
0.0000 0.0000 -1.0000
1.0000 0.0000
-12.0000 -0.0000 2.0000
0.0000 0.0000 -1.0000
1.0000 0.0000
-8.0000 -0.0000 2.0000
0.0000 0.0000 -1.0000
1.0000 0.0000
-6.0000 -0.0000 2.0000
0.0000 0.0000 -1.0000
1.0000 0.0000
-4.0000 -0.0000 2.0000
0.0000 0.0000 -1.0000
0.0000 0.0000
-4.0000 6.0000 2.0000
-1.0000 0.0000 0.0000
0.0000 1.0000
-4.0000 6.0000 0.0000
-1.0000 0.0000 0.0000
0.0000 0.0000
-4.0000 8.0000 2.0000
0.0000 -1.0000 0.0000
1.0000 1.0000
-4.0000 8.0000 0.0000
0.0000 -1.0000 0.0000
1.0000 0.0000
-10.0000 8.0000 0.0000
0.0000 -1.0000 0.0000
0.0000 0.0000
-12.0000 8.0000 2.0000
0.7071 -0.7071 0.0000
1.0000 1.0000
-12.0000 8.0000 0.0000
0.7071 -0.7071 0.0000
1.0000 0.0000
-10.0000 8.0000 2.0000
0.0000 -1.0000 0.0000
0.0000 1.0000
-8.0000 8.0000 0.0000
0.0000 -1.0000 0.0000
0.0000 0.0000
-8.0000 8.0000 2.0000
0.0000 -1.0000 0.0000
0.0000 1.0000
-6.0000 8.0000 0.0000
0.0000 -1.0000 0.0000
0.0000 0.0000
-6.0000 8.0000 2.0000
0.0000 -1.0000 0.0000
0.0000 1.0000
-12.0000 6.0000 0.0000
1.0000 0.0000 0.0000
1.0000 0.0000
-12.0000 6.0000 2.0000
1.0000 0.0000 0.0000
1.0000 1.0000
-12.0000 4.0000 0.0000
1.0000 0.0000 0.0000
1.0000 0.0000
-12.0000 4.0000 2.0000
1.0000 0.0000 0.0000
1.0000 1.0000
-12.0000 2.0000 0.0000
1.0000 0.0000 0.0000
1.0000 0.0000
-12.0000 2.0000 2.0000
1.0000 0.0000 0.0000
1.0000 1.0000
-12.0000 0.0000 0.0000
0.7071 0.7071 0.0000
1.0000 0.0000
-12.0000 0.0000 2.0000
0.7071 0.7071 0.0000
1.0000 1.0000
-10.0000 0.0000 0.0000
0.0000 1.0000 0.0000
0.0000 0.0000
-10.0000 0.0000 2.0000
0.0000 1.0000 0.0000
0.0000 1.0000
-8.0000 0.0000 2.0000
0.0000 1.0000 0.0000
1.0000 1.0000
-6.0000 0.0000 0.0000
0.0000 1.0000 0.0000
1.0000 0.0000
-8.0000 0.0000 0.0000
0.0000 1.0000 0.0000
1.0000 0.0000
-6.0000 0.0000 2.0000
0.0000 1.0000 0.0000
1.0000 1.0000
-4.0000 0.0000 0.0000
-0.7071 0.7071 0.0000
1.0000 0.0000
-4.0000 0.0000 2.0000
-0.7071 0.7071 0.0000
1.0000 1.0000
-4.0000 4.0000 0.0000
-1.0000 0.0000 0.0000
0.0000 0.0000
-4.0000 4.0000 2.0000
-1.0000 0.0000 0.0000
0.0000 1.0000
-4.0000 2.0000 0.0000
-1.0000 0.0000 0.0000
0.0000 0.0000
-4.0000 2.0000 2.0000
-1.0000 0.0000 0.0000
0.0000 1.0000
-4.0000 8.0000 0.0000
0.0000 0.0000 1.0000
1.0000 1.0000
-4.0000 6.0000 0.0000
0.0000 0.0000 1.0000
1.0000 1.0000
-10.0000 6.0000 0.0000
0.0000 0.0000 1.0000
0.0000 1.0000
-12.0000 8.0000 0.0000
0.0000 0.0000 1.0000
0.0000 1.0000
-12.0000 6.0000 0.0000
0.0000 0.0000 1.0000
0.0000 1.0000
-10.0000 8.0000 0.0000
0.0000 0.0000 1.0000
0.0000 1.0000
-8.0000 6.0000 0.0000
0.0000 0.0000 1.0000
0.0000 1.0000
-8.0000 8.0000 0.0000
0.0000 0.0000 1.0000
0.0000 1.0000
-6.0000 6.0000 0.0000
0.0000 0.0000 1.0000
0.0000 1.0000
-6.0000 8.0000 0.0000
0.0000 0.0000 1.0000
0.0000 1.0000
-10.0000 4.0000 0.0000
0.0000 0.0000 1.0000
0.0000 1.0000
-12.0000 4.0000 0.0000
0.0000 0.0000 1.0000
0.0000 1.0000
-8.0000 4.0000 0.0000
0.0000 0.0000 1.0000
0.0000 1.0000
-6.0000 4.0000 0.0000
0.0000 0.0000 1.0000
0.0000 1.0000
-4.0000 4.0000 0.0000
0.0000 0.0000 1.0000
1.0000 1.0000
-10.0000 2.0000 0.0000
0.0000 0.0000 1.0000
0.0000 1.0000
-12.0000 2.0000 0.0000
0.0000 0.0000 1.0000
0.0000 1.0000
-8.0000 2.0000 0.0000
0.0000 0.0000 1.0000
0.0000 1.0000
-6.0000 2.0000 0.0000
0.0000 0.0000 1.0000
0.0000 1.0000
-4.0000 2.0000 0.0000
0.0000 0.0000 1.0000
1.0000 1.0000
-10.0000 0.0000 0.0000
0.0000 0.0000 1.0000
1.0000 0.0000
-12.0000 0.0000 0.0000
0.0000 0.0000 1.0000
0.0000 0.0000
-8.0000 -0.0000 -0.0000
0.0000 0.0000 1.0000
0.0000 0.0000
-10.0000 -0.0000 -0.0000
0.0000 0.0000 1.0000
0.0000 0.0000
-6.0000 -0.0000 -0.0000
0.0000 0.0000 1.0000
0.0000 0.0000
-4.0000 -0.0000 -0.0000
0.0000 0.0000 1.0000
1.0000 0.0000
92 # number of total faces
3 # number of submeshes
32 # number of faces
0 # material index
2 3 4
2 5 3
5 6 3
5 7 6
7 8 6
7 9 8
9 1 8
9 0 1
4 10 11
4 3 10
3 12 10
3 6 12
6 13 12
6 8 13
8 14 13
8 1 14
11 15 16
11 10 15
10 17 15
10 12 17
12 18 17
12 13 18
13 19 18
13 14 19
16 20 21
16 15 20
15 22 20
15 17 22
17 23 22
17 18 23
18 24 23
18 19 24
28 # number of faces
1 # material index
29 30 31
32 30 29
33 32 29
34 32 33
35 34 33
36 34 35
28 36 35
27 36 28
30 37 31
30 38 37
38 39 37
38 40 39
40 41 39
40 42 41
42 43 41
42 44 43
44 45 43
44 46 45
47 48 49
47 50 48
50 51 48
50 52 51
53 25 26
54 25 53
55 54 53
56 54 55
51 56 55
52 56 51
32 # number of faces
2 # material index
59 60 61
62 60 59
63 62 59
64 62 63
65 64 63
66 64 65
58 66 65
57 66 58
67 61 68
59 61 67
69 59 67
63 59 69
70 63 69
65 63 70
71 65 70
58 65 71
72 68 73
67 68 72
74 67 72
69 67 74
75 69 74
70 69 75
76 70 75
71 70 76
77 73 78
72 73 77
79 72 80
74 72 79
81 74 79
75 74 81
82 75 81
76 75 82
room_008
91 # number of vertices
1 # number of UV channels
0 # number of color channels
-10.0000 0.0000 2.0000
0.0000 0.0000 -1.0000
1.0000 1.0000
-8.0000 -2.0000 2.0000
0.0000 0.0000 -1.0000
0.0000 1.0000
-10.0000 -2.0000 2.0000
0.0000 0.0000 -1.0000
1.0000 1.0000
-8.0000 0.0000 2.0000
0.0000 0.0000 -1.0000
0.0000 1.0000
-8.0000 -4.0000 2.0000
0.0000 0.0000 -1.0000
0.0000 1.0000
-10.0000 -4.0000 2.0000
0.0000 0.0000 -1.0000
1.0000 1.0000
-8.0000 -6.0000 2.0000
0.0000 0.0000 -1.0000
0.0000 1.0000
-10.0000 -6.0000 2.0000
0.0000 0.0000 -1.0000
1.0000 1.0000
-8.0000 -8.0000 2.0000
0.0000 0.0000 -1.0000
1.0000 1.0000
-10.0000 -8.0000 2.0000
0.0000 0.0000 -1.0000
1.0000 1.0000
-2.0000 -8.0000 2.0000
0.0000 0.0000 -1.0000
0.0000 1.0000
0.0000 -10.0000 2.0000
0.0000 0.0000 -1.0000
0.0000 0.0000
-2.0000 -10.0000 2.0000
0.0000 0.0000 -1.0000
0.0000 0.0000
0.0000 -8.0000 2.0000
0.0000 0.0000 -1.0000
0.0000 1.0000
-8.0000 -10.0000 2.0000
0.0000 0.0000 -1.0000
1.0000 0.0000
-10.0000 -10.0000 2.0000
0.0000 0.0000 -1.0000
1.0000 0.0000
-4.0000 -8.0000 2.0000
0.0000 0.0000 -1.0000
0.0000 1.0000
-4.0000 -10.0000 2.0000
0.0000 0.0000 -1.0000
0.0000 0.0000
-6.0000 -8.0000 2.0000
0.0000 0.0000 -1.0000
0.0000 1.0000
-6.0000 -10.0000 2.0000
0.0000 0.0000 -1.0000
0.0000 0.0000
-10.0000 0.0000 2.0000
1.0000 0.0000 0.0000
1.0000 1.0000
-10.0000 -2.0000 -0.0000
1.0000 0.0000 0.0000
1.0000 0.0000
-10.0000 0.0000 0.0000
1.0000 0.0000 0.0000
1.0000 0.0000
-10.0000 -2.0000 2.0000
1.0000 0.0000 0.0000
1.0000 1.0000
-8.0000 -2.0000 -0.0000
-1.0000 0.0000 0.0000
0.0000 0.0000
-8.0000 0.0000 2.0000
-1.0000 0.0000 0.0000
0.0000 1.0000
-8.0000 0.0000 0.0000
-1.0000 0.0000 0.0000
0.0000 0.0000
-8.0000 -2.0000 2.0000
-1.0000 0.0000 0.0000
0.0000 1.0000
-10.0000 -4.0000 -0.0000
1.0000 0.0000 0.0000
0.0000 0.0000
-10.0000 -4.0000 2.0000
1.0000 0.0000 0.0000
1.0000 1.0000
-8.0000 -4.0000 -0.0000
-1.0000 0.0000 0.0000
1.0000 0.0000
-8.0000 -4.0000 2.0000
-1.0000 0.0000 0.0000
0.0000 1.0000
-10.0000 -6.0000 -0.0000
1.0000 0.0000 0.0000
1.0000 0.0000
-10.0000 -4.0000 -0.0000
1.0000 0.0000 0.0000
1.0000 0.0000
-10.0000 -6.0000 2.0000
1.0000 0.0000 0.0000
1.0000 1.0000
-8.0000 -6.0000 -0.0000
-1.0000 0.0000 0.0000
0.0000 0.0000
-8.0000 -4.0000 -0.0000
-1.0000 0.0000 0.0000
0.0000 0.0000
-8.0000 -6.0000 2.0000
-1.0000 0.0000 0.0000
0.0000 1.0000
-10.0000 -8.0000 -0.0000
1.0000 0.0000 0.0000
0.0000 0.0000
-10.0000 -8.0000 2.0000
1.0000 0.0000 0.0000
1.0000 1.0000
-8.0000 -8.0000 -0.0000
-1.0000 0.0000 0.0000
1.0000 0.0000
-8.0000 -8.0000 2.0000
-0.7071 -0.7071 0.0000
0.0000 1.0000
-2.0000 -10.0000 2.0000
0.0000 1.0000 0.0000
0.0000 1.0000
0.0000 -10.0000 -0.0000
0.0000 1.0000 0.0000
0.0000 0.0000
-2.0000 -10.0000 -0.0000
0.0000 1.0000 0.0000
0.0000 0.0000
0.0000 -10.0000 2.0000
0.0000 1.0000 0.0000
0.0000 1.0000
0.0000 -8.0000 -0.0000
0.0000 -1.0000 0.0000
1.0000 0.0000
-2.0000 -8.0000 2.0000
0.0000 -1.0000 0.0000
1.0000 1.0000
-2.0000 -8.0000 -0.0000
0.0000 -1.0000 0.0000
1.0000 0.0000
0.0000 -8.0000 2.0000
0.0000 -1.0000 0.0000
1.0000 1.0000
-10.0000 -10.0000 2.0000
0.7071 0.7071 0.0000
0.0000 1.0000
-8.0000 -10.0000 -0.0000
0.0000 1.0000 0.0000
0.0000 0.0000
-10.0000 -10.0000 -0.0000
0.7071 0.7071 0.0000
0.0000 0.0000
-8.0000 -10.0000 2.0000
0.0000 1.0000 0.0000
1.0000 1.0000
-10.0000 -8.0000 -0.0000
1.0000 0.0000 0.0000
1.0000 0.0000
-4.0000 -10.0000 2.0000
0.0000 1.0000 0.0000
0.0000 1.0000
-4.0000 -10.0000 -0.0000
0.0000 1.0000 0.0000
0.0000 0.0000
-4.0000 -8.0000 2.0000
0.0000 -1.0000 0.0000
1.0000 1.0000
-4.0000 -8.0000 -0.0000
0.0000 -1.0000 0.0000
1.0000 0.0000
-6.0000 -10.0000 2.0000
0.0000 1.0000 0.0000
0.0000 1.0000
-6.0000 -10.0000 -0.0000
0.0000 1.0000 0.0000
0.0000 0.0000
-6.0000 -8.0000 2.0000
0.0000 -1.0000 0.0000
1.0000 1.0000
-6.0000 -8.0000 -0.0000
0.0000 -1.0000 0.0000
1.0000 0.0000
-8.0000 -10.0000 -0.0000
0.0000 1.0000 0.0000
1.0000 0.0000
-8.0000 -8.0000 -0.0000
0.0000 -1.0000 0.0000
0.0000 0.0000
-8.0000 -2.0000 -0.0000
0.0000 0.0000 1.0000
1.0000 1.0000
-10.0000 0.0000 0.0000
0.0000 0.0000 1.0000
0.0000 1.0000
-10.0000 -2.0000 -0.0000
0.0000 0.0000 1.0000
0.0000 1.0000
-8.0000 0.0000 0.0000
0.0000 0.0000 1.0000
1.0000 1.0000
-8.0000 -4.0000 -0.0000
0.0000 0.0000 1.0000
1.0000 0.0000
-10.0000 -4.0000 -0.0000
0.0000 0.0000 1.0000
0.0000 0.0000
-8.0000 -6.0000 -0.0000
0.0000 0.0000 1.0000
1.0000 1.0000
-10.0000 -4.0000 -0.0000
0.0000 0.0000 1.0000
0.0000 1.0000
-10.0000 -6.0000 -0.0000
0.0000 0.0000 1.0000
0.0000 1.0000
-8.0000 -4.0000 -0.0000
0.0000 0.0000 1.0000
1.0000 1.0000
-8.0000 -8.0000 -0.0000
0.0000 0.0000 1.0000
1.0000 0.0000
-10.0000 -8.0000 -0.0000
0.0000 0.0000 1.0000
0.0000 0.0000
0.0000 -10.0000 -0.0000
0.0000 0.0000 1.0000
1.0000 0.0000
-2.0000 -8.0000 -0.0000
0.0000 0.0000 1.0000
1.0000 1.0000
-2.0000 -10.0000 -0.0000
0.0000 0.0000 1.0000
1.0000 0.0000
0.0000 -8.0000 -0.0000
0.0000 0.0000 1.0000
1.0000 1.0000
-8.0000 -10.0000 -0.0000
0.0000 0.0000 1.0000
1.0000 0.0000
-10.0000 -8.0000 -0.0000
0.0000 0.0000 1.0000
0.0000 1.0000
-10.0000 -10.0000 -0.0000
0.0000 0.0000 1.0000
0.0000 0.0000
-8.0000 -8.0000 -0.0000
0.0000 0.0000 1.0000
1.0000 1.0000
-4.0000 -8.0000 -0.0000
0.0000 0.0000 1.0000
1.0000 1.0000
-4.0000 -10.0000 -0.0000
0.0000 0.0000 1.0000
1.0000 0.0000
-6.0000 -8.0000 -0.0000
0.0000 0.0000 1.0000
1.0000 1.0000
-6.0000 -10.0000 -0.0000
0.0000 0.0000 1.0000
1.0000 0.0000
-8.0000 -8.0000 -0.0000
0.0000 0.0000 1.0000
0.0000 1.0000
-8.0000 -10.0000 -0.0000
0.0000 0.0000 1.0000
0.0000 0.0000
72 # number of total faces
3 # number of submeshes
18 # number of faces
0 # material index
0 1 2
0 3 1
2 4 5
2 1 4
5 6 7
5 4 6
7 8 9
7 6 8
10 11 12
10 13 11
9 14 15
9 8 14
16 12 17
16 10 12
18 17 19
18 16 17
8 19 14
8 18 19
36 # number of faces
1 # material index
20 21 22
20 23 21
24 25 26
27 25 24
23 28 21
23 29 28
30 27 24
31 27 30
29 32 33
29 34 32
35 31 36
37 31 35
34 38 32
34 39 38
40 37 35
41 37 40
42 43 44
42 45 43
46 47 48
49 47 46
50 51 52
50 53 51
39 52 54
39 50 52
55 44 56
55 42 44
48 57 58
47 57 48
59 56 60
59 55 56
58 61 62
57 61 58
53 60 63
53 59 60
62 41 64
61 41 62
18 # number of faces
2 # material index
65 66 67
68 66 65
69 67 70
65 67 69
71 72 73
74 72 71
75 73 76
71 73 75
77 78 79
80 78 77
81 82 83
84 82 81
79 85 86
78 85 79
86 87 88
85 87 86
88 89 90
87 89 88
